1418093133 1 0 0 0 0 0 0 0 0 0 0 0 0 0 0 0 0 0 0 0
1418414864 2 0 0 0 0 0 0 0 0 0 0 0 0 0 0 0 0 0 0 0
1418419699 3 0 0 0 0 0 0 0 0 0 0 0 0 0 0 0 0 0 0 0
1418425604 4 0 0 0 0 0 0 0 0 0 0 0 0 0 0 0 0 0 0 0
1418434226 4 1 0 0 0 0 0 0 0 0 0 0 0 0 0 0 0 0 0 0
1418491165 5 1 0 0 0 0 0 0 0 0 0 0 0 0 0 0 0 0 0 0
1418491230 6 1 0 0 0 0 0 0 0 0 0 0 0 0 0 0 0 0 0 0
1418784680 7 1 0 0 0 0 0 0 0 0 0 0 0 0 0 0 0 0 0 0
1419213024 8 1 0 0 0 0 0 0 0 0 0 0 0 0 0 0 0 0 0 0
1422077147 9 1 0 0 0 0 0 0 0 0 0 0 0 0 0 0 0 0 0 0
1422668686 10 1 0 0 0 0 0 0 0 0 0 0 0 0 0 0 0 0 0 0
1423015997 11 1 0 0 0 0 0 0 0 0 0 0 0 0 0 0 0 0 0 0
1423018331 12 1 0 0 0 0 0 0 0 0 0 0 0 0 0 0 0 0 0 0
1423021475 12 1 0 0 1 0 0 0 0 0 0 0 0 0 0 0 0 0 0 0
1423021498 12 1 0 0 2 0 0 0 0 0 0 0 0 0 0 0 0 0 0 0
1423026259 12 1 0 0 3 0 0 0 0 0 0 0 0 0 0 0 0 0 0 0
1423027135 13 1 0 0 3 0 0 0 0 0 0 0 0 0 0 0 0 0 0 0
1423333111 14 1 0 0 3 0 0 0 0 0 0 0 0 0 0 0 0 0 0 0
1423605919 15 1 0 0 3 0 0 0 0 0 0 0 0 0 0 0 0 0 0 0
1423607573 16 1 0 0 3 0 0 0 0 0 0 0 0 0 0 0 0 0 0 0
1424408744 17 1 0 0 3 0 0 0 0 0 0 0 0 0 0 0 0 0 0 0
1424836182 18 1 0 0 3 0 0 0 0 0 0 0 0 0 0 0 0 0 0 0
1424837732 19 1 0 0 3 0 0 0 0 0 0 0 0 0 0 0 0 0 0 0
1424838081 19 1 0 1 3 0 0 0 0 0 0 0 0 0 0 0 0 0 0 0
1425020566 20 1 0 1 3 0 0 0 0 0 0 0 0 0 0 0 0 0 0 0
1425160613 21 1 0 1 3 0 0 0 0 0 0 0 0 0 0 0 0 0 0 0
1425163803 22 1 0 1 3 0 0 0 0 0 0 0 0 0 0 0 0 0 0 0
1425418125 22 1 0 2 3 0 0 0 0 0 0 0 0 0 0 0 0 0 0 0
1425575809 22 1 0 3 3 0 0 0 0 0 0 0 0 0 0 0 0 0 0 0
1426170378 23 1 0 3 3 0 0 0 0 0 0 0 0 0 0 0 0 0 0 0
1426185737 23 1 0 4 3 0 0 0 0 0 0 0 0 0 0 0 0 0 0 0
1426195771 23 1 0 5 3 0 0 0 0 0 0 0 0 0 0 0 0 0 0 0
1426197141 24 1 0 5 3 0 0 0 0 0 0 0 0 0 0 0 0 0 0 0
1426197741 25 1 0 5 3 0 0 0 0 0 0 0 0 0 0 0 0 0 0 0
1426198861 25 1 0 6 3 0 0 0 0 0 0 0 0 0 0 0 0 0 0 0
1426280187 25 1 0 6 3 0 0 0 0 0 0 0 0 0 0 0 0 0 0 0
1426280366 25 1 0 6 3 0 0 0 0 0 0 0 0 0 0 0 0 0 0 0
1426301091 26 1 0 6 3 0 0 0 0 0 0 0 0 0 0 0 0 0 0 0
1426305395 26 1 0 6 3 1 0 0 0 0 0 0 0 0 0 0 0 0 0 0
1426305935 27 1 0 6 3 1 0 0 0 0 0 0 0 0 0 0 0 0 0 0
1426306070 27 1 0 6 3 2 0 0 0 0 0 0 0 0 0 0 0 0 0 0
1426306297 27 2 0 6 3 2 0 0 0 0 0 0 0 0 0 0 0 0 0 0
1426306536 27 3 0 6 3 2 0 0 0 0 0 0 0 0 0 0 0 0 0 0
1426311328 28 3 0 6 3 2 0 0 0 0 0 0 0 0 0 0 0 0 0 0
1426311397 29 3 0 6 3 2 0 0 0 0 0 0 0 0 0 0 0 0 0 0
1426311820 30 3 0 6 3 2 0 0 0 0 0 0 0 0 0 0 0 0 0 0
1426313354 30 4 0 6 3 3 0 0 0 0 0 0 0 0 0 0 0 0 0 0
1426354744 31 4 0 6 3 3 0 0 0 0 0 0 0 0 0 0 0 0 0 0
1426383677 32 4 0 6 3 3 0 0 0 0 0 0 0 0 0 0 0 0 0 0
1426388584 33 4 0 6 3 3 0 0 0 0 0 0 0 0 0 0 0 0 0 0
1426394567 34 4 0 6 3 6 0 0 0 0 0 0 0 0 0 0 0 0 0 0
1426395401 34 4 0 6 3 7 0 0 0 0 0 0 0 0 0 0 0 0 0 0
1426397331 35 4 0 6 3 7 0 0 0 0 0 0 0 0 0 0 0 0 0 0
1426400425 36 4 0 6 3 7 0 0 0 0 0 0 0 0 0 0 0 0 0 0
1426403004 37 4 0 6 3 7 0 0 0 0 0 0 0 0 0 0 0 0 0 0
1426404235 38 4 0 6 3 7 0 0 0 0 0 0 0 0 0 0 0 0 0 0
1426404307 39 4 0 6 3 7 0 0 0 0 0 0 0 0 0 0 0 0 0 0
1426404458 40 4 0 6 3 7 0 0 0 0 0 0 0 0 0 0 0 0 0 0
1426404520 41 4 0 6 3 7 0 0 0 0 0 0 0 0 0 0 0 0 0 0
1426407897 42 4 0 6 3 7 0 0 0 0 0 0 0 0 0 0 0 0 0 0
1426462684 42 5 0 6 3 7 0 0 0 0 0 0 0 0 0 0 0 0 0 0
1426539971 43 5 0 6 3 7 0 0 0 0 0 0 0 0 0 0 0 0 0 0
1426620361 43 6 0 6 3 7 0 0 0 0 0 0 0 0 0 0 0 0 0 0
1426620402 43 7 0 6 3 7 0 0 0 0 0 0 0 0 0 0 0 0 0 0
1426624238 43 7 0 7 3 7 0 0 0 0 0 0 0 0 0 0 0 0 0 0
1426626847 44 7 0 7 3 7 0 0 0 0 0 0 0 0 0 0 0 0 0 0
1426627999 44 7 0 7 3 7 0 0 0 0 0 1 0 0 0 0 0 0 0 0
1426630122 45 7 0 7 3 7 0 0 0 0 0 1 0 0 0 0 0 0 0 0
1426636869 46 7 0 7 3 7 0 0 0 0 0 1 0 0 0 0 0 0 0 0
1426638113 46 7 0 7 4 7 0 0 0 0 0 1 0 0 0 0 0 0 0 0
1426638675 46 7 0 7 5 7 0 0 0 0 0 1 0 0 0 0 0 0 0 0
1426642382 46 7 0 7 6 7 0 0 0 0 0 1 0 0 0 0 0 0 0 0
1426645419 47 7 0 7 6 7 0 0 0 0 0 1 0 0 0 0 0 0 0 0
1426652102 47 7 0 7 7 7 0 0 0 0 0 1 0 0 0 0 0 0 0 0
1426656903 47 7 0 7 8 7 0 0 0 0 0 1 0 0 0 0 0 0 0 0
1426659067 47 7 0 7 9 7 0 0 0 0 0 1 0 0 0 0 0 0 0 0
1426660745 47 7 0 7 10 7 0 0 0 0 0 1 0 0 0 0 0 0 0 0
1426675359 47 7 0 8 10 7 0 0 0 0 0 1 0 0 0 0 0 0 0 0
1426675390 47 7 0 9 10 7 0 0 0 0 0 1 0 0 0 0 0 0 0 0
1426675564 47 7 0 10 10 7 0 0 0 0 0 1 0 0 0 0 0 0 0 0
1426703835 48 7 0 10 10 7 0 0 0 0 0 1 0 0 0 0 0 0 0 0
1426703847 49 7 0 10 10 7 0 0 0 0 0 1 0 0 0 0 0 0 0 0
1426706491 50 7 0 10 10 7 0 0 0 0 0 1 0 0 0 0 0 0 0 0
1426719148 51 7 0 10 10 7 0 0 0 0 0 1 0 0 0 0 0 0 0 0
1426720233 51 7 0 10 11 7 0 0 0 0 0 1 0 0 0 0 0 0 0 0
1426723024 52 7 0 10 11 7 0 0 0 0 0 1 0 0 0 0 0 0 0 0
1426736486 52 7 0 11 11 7 0 0 0 0 0 1 0 0 0 0 0 0 0 0
1426737132 52 7 0 12 11 7 0 0 0 0 0 1 0 0 0 0 0 0 0 0
1426737173 52 7 0 13 11 7 0 0 0 0 0 1 0 0 0 0 0 0 0 0
1426801409 52 7 0 14 11 7 0 0 0 0 0 1 0 0 0 0 0 0 0 0
1426801463 52 7 0 15 11 7 0 0 0 0 0 1 0 0 0 0 0 0 0 0
1426801499 52 7 0 16 11 7 0 0 0 0 0 1 0 0 0 0 0 0 0 0
1426802674 52 7 0 16 12 7 0 0 0 0 0 1 0 0 0 0 0 0 0 0
1426802785 52 7 0 16 13 7 0 0 0 0 0 1 0 0 0 0 0 0 0 0
1426803019 53 7 0 16 13 7 0 0 0 0 0 1 0 0 0 0 0 0 0 0
1426804900 53 7 0 16 14 7 0 0 0 0 0 1 0 0 0 0 0 0 0 0
1426804960 53 7 0 16 15 7 0 0 0 0 0 1 0 0 0 0 0 0 0 0
1426806221 53 7 0 16 16 7 0 0 0 0 0 1 0 0 0 0 0 0 0 0
1426806798 53 7 0 16 17 7 0 0 0 0 0 1 0 0 0 0 0 0 0 0
1426806892 53 7 0 16 18 7 0 0 0 0 0 1 0 0 0 0 0 0 0 0
1426808393 53 7 0 16 19 7 0 0 0 0 0 1 0 0 0 0 0 0 0 0
1426808731 53 7 0 16 20 7 0 0 0 0 0 1 0 0 0 0 0 0 0 0
1426820393 53 7 0 17 20 7 0 0 0 0 0 1 0 0 0 0 0 0 0 0
1426822718 53 7 0 18 20 7 0 0 0 0 0 1 0 0 0 0 0 0 0 0
1426825852 53 7 0 19 20 7 0 0 0 0 0 1 0 0 0 0 0 0 0 0
1426826018 53 7 0 20 20 7 0 0 0 0 0 1 0 0 0 0 0 0 0 0
1427319672 53 7 0 20 21 7 0 0 0 0 0 1 0 0 0 0 0 0 0 0
1427510531 53 7 0 20 22 7 0 0 0 0 0 1 0 0 0 0 0 0 0 0
1427510826 53 7 0 20 23 7 0 0 0 0 0 1 0 0 0 0 0 0 0 0
1427511223 53 7 0 20 24 7 0 0 0 0 0 1 0 0 0 0 0 0 0 0
1427511490 53 7 0 20 25 7 0 0 0 0 0 1 0 0 0 0 0 0 0 0
1427511955 53 8 0 20 25 7 0 0 0 0 0 1 0 0 0 0 0 0 0 0
1427512428 53 8 0 20 26 7 0 0 0 0 0 1 0 0 0 0 0 0 0 0
1427519982 53 8 0 20 27 7 0 0 0 0 0 1 0 0 0 0 0 0 0 0
1427520056 53 8 0 20 28 7 0 0 0 0 0 1 0 0 0 0 0 0 0 0
1427520714 53 8 0 20 28 7 0 0 0 0 0 1 0 0 0 0 0 0 0 0
1427522679 53 8 0 20 29 7 0 0 0 0 0 1 0 0 0 0 0 0 0 0
1427523150 53 8 0 20 30 7 0 0 0 0 0 1 0 0 0 0 0 0 0 0
1427565303 53 8 0 20 30 8 0 0 0 0 0 1 0 0 0 0 0 0 0 0
1427567765 53 8 0 20 30 9 0 0 0 0 0 1 0 0 0 0 0 0 0 0
1427568743 53 8 0 20 30 10 0 0 0 0 0 1 0 0 0 0 0 0 0 0
1427650936 53 8 0 20 31 10 0 0 0 0 0 1 0 0 0 0 0 0 0 0
1427651889 53 8 0 20 32 10 0 0 0 0 0 1 0 0 0 0 0 0 0 0
1427680626 53 8 0 20 32 11 0 0 0 0 0 1 0 0 0 0 0 0 0 0
1427731390 53 8 0 20 33 11 0 0 0 0 0 1 0 0 0 0 0 0 0 0
1427829387 53 8 0 20 34 11 0 0 0 0 0 1 0 0 0 0 0 0 0 0
1427830174 54 8 0 20 34 11 0 0 0 0 0 1 0 0 0 0 0 0 0 0
1427831198 54 8 0 20 35 11 0 0 0 0 0 1 0 0 0 0 0 0 0 0
1427836608 54 8 0 20 35 11 0 0 0 0 0 1 0 0 1 0 0 0 0 0
1427940519 54 8 0 20 35 12 0 0 0 0 0 1 0 0 1 0 0 0 0 0
1427999496 55 8 0 20 35 12 0 0 0 0 0 1 0 0 1 0 0 0 0 0
1428085870 56 8 0 20 35 12 0 0 0 0 0 1 0 0 1 0 0 0 0 0
1428272483 57 8 0 20 35 12 0 0 0 0 0 1 0 0 1 0 0 0 0 0
1428273068 57 8 0 20 36 12 0 0 0 0 0 1 0 0 1 0 0 0 0 0
1428275537 57 8 0 20 37 12 0 0 0 0 0 1 0 0 1 0 0 0 0 0
1428276435 58 8 0 20 37 12 0 0 0 0 0 1 0 0 1 0 0 0 0 0
1428315243 58 8 0 21 37 12 0 0 0 0 0 1 0 0 1 0 0 0 0 0
1428315400 58 8 0 22 37 12 0 0 0 0 0 1 0 0 1 0 0 0 0 0
1428337858 58 8 0 23 37 12 0 0 0 0 0 1 0 0 1 0 0 0 0 0
1428340529 58 8 0 24 37 12 0 0 0 0 0 1 0 0 1 0 0 0 0 0
1428371044 59 8 0 24 37 12 0 0 0 0 0 1 0 0 1 0 0 0 0 0
1428433216 60 8 0 24 37 12 0 0 0 0 0 1 0 0 1 0 0 0 0 0
1428440909 60 8 0 24 37 12 0 0 0 0 0 1 0 0 2 0 0 0 0 0
1428449673 61 8 0 24 37 12 0 0 0 0 0 1 0 0 2 0 0 0 0 0
1428451736 62 8 0 24 37 12 0 0 0 0 0 1 0 0 2 0 0 0 0 0
1428456023 63 8 0 24 38 12 0 0 0 0 0 1 0 0 2 0 0 0 0 0
1428467591 63 8 0 24 39 12 0 0 0 0 0 1 0 0 2 0 0 0 0 0
1428467780 63 8 0 24 40 12 0 0 0 0 0 1 0 0 2 0 0 0 0 0
1428468714 63 8 0 24 41 12 0 0 0 0 0 1 0 0 2 0 0 0 0 0
1428469852 63 8 0 24 42 12 0 0 0 0 0 1 0 0 2 0 0 0 0 0
1428470151 64 8 0 24 42 12 0 0 0 0 0 1 0 0 2 0 0 0 0 0
1428480342 64 8 0 25 42 12 0 0 0 0 0 1 0 0 2 0 0 0 0 0
1428483303 64 8 0 26 42 12 0 0 0 0 0 1 0 0 2 0 0 0 0 0
1428483346 64 8 0 27 42 12 0 0 0 0 0 1 0 0 2 0 0 0 0 0
1428606136 65 8 0 27 42 12 0 0 0 0 0 1 0 0 2 0 0 0 0 0
1429043020 65 8 0 27 42 12 0 0 0 0 0 1 0 0 3 0 0 0 0 0
1429043445 66 8 0 27 42 12 0 0 0 0 0 1 0 0 3 0 0 0 0 0
1429044431 66 8 0 28 42 12 0 0 0 0 0 1 0 0 3 0 0 0 0 0
1429045966 67 8 0 28 42 12 0 0 0 0 0 1 0 0 3 0 0 0 0 0
1429064883 67 8 0 28 42 12 0 0 0 0 0 2 0 0 3 0 0 0 0 0
1429064989 67 8 0 28 42 12 0 0 0 0 0 3 0 0 3 0 0 0 0 0
1429065177 67 8 0 28 42 12 0 0 0 0 0 4 0 0 3 0 0 0 0 0
1429128928 67 8 0 29 42 12 0 0 0 0 0 4 0 0 3 0 0 0 0 0
1429649846 67 8 0 29 42 12 0 0 0 0 0 5 0 0 3 0 0 0 0 0
1429652637 67 8 0 30 42 12 0 0 0 0 0 5 0 0 3 0 0 0 0 0
1429652849 67 8 0 31 42 12 0 0 0 0 0 5 0 0 3 0 0 0 0 0
1429654655 67 8 0 32 42 12 0 0 0 0 0 5 0 0 3 0 0 0 0 0
1430260825 67 8 0 32 42 12 0 0 0 0 0 6 0 0 3 0 0 0 0 0
1430269375 68 8 0 32 42 12 0 0 0 0 0 6 0 0 3 0 0 0 0 0
1430269448 69 8 0 32 42 12 0 0 0 0 0 6 0 0 3 0 0 0 0 0
1430271147 69 8 0 33 42 12 0 0 0 0 0 6 0 0 3 0 0 0 0 0
1430271329 69 8 0 34 42 12 0 0 0 0 0 6 0 0 3 0 0 0 0 0
1430538494 69 8 0 35 42 12 0 0 0 0 0 6 0 0 3 0 0 0 0 0
1430761268 69 8 0 36 42 12 0 0 0 0 0 6 0 0 3 0 0 0 0 0
1430864053 70 8 0 36 42 12 0 0 0 0 0 6 0 0 3 0 0 0 0 0
1430877412 70 8 0 37 42 12 0 0 0 0 0 6 0 0 3 0 0 0 0 0
1431052945 71 8 0 37 42 12 0 0 0 0 0 6 0 0 3 0 0 0 0 0
1431053286 72 8 0 37 42 12 0 0 0 0 0 6 0 0 3 0 0 0 0 0
1438733634 72 9 0 37 42 12 0 0 0 0 0 6 0 0 3 0 0 0 0 0
1438733677 72 10 0 37 42 12 0 0 0 0 0 6 0 0 3 0 0 0 0 0
1439263541 72 10 0 37 42 13 0 0 0 0 0 6 0 0 3 0 0 0 0 0
1439265306 72 11 0 37 42 13 0 0 0 0 0 6 0 0 3 0 0 0 0 0
1439266588 73 11 0 37 42 13 0 0 0 0 0 6 0 0 3 0 0 0 0 0
1439267817 74 11 0 37 42 13 0 0 0 0 0 6 0 0 3 0 0 0 0 0
1439357213 74 11 0 37 42 14 0 0 0 0 0 6 0 0 3 0 0 0 0 0
1439439279 74 11 0 37 42 15 0 0 0 0 0 6 0 0 3 0 0 0 0 0
1439439491 74 11 0 37 42 16 0 0 0 0 0 6 0 0 3 0 0 0 0 0
1439439979 74 11 0 37 42 17 0 0 0 0 0 6 0 0 3 0 0 0 0 0
1439440151 74 12 0 37 42 17 0 0 0 0 0 6 0 0 3 0 0 0 0 0
1439441166 75 12 0 37 42 17 0 0 0 0 0 6 0 0 3 0 0 0 0 0
1439442121 76 12 0 37 42 17 0 0 0 0 0 6 0 0 3 0 0 0 0 0
1439777316 76 12 0 37 42 18 0 0 0 0 0 6 0 0 3 0 0 0 0 0
1439778768 76 12 0 37 42 19 0 0 0 0 0 6 0 0 3 0 0 0 0 0
1439779059 76 12 0 37 42 20 0 0 0 0 0 6 0 0 3 0 0 0 0 0
1439782640 76 12 0 37 42 21 0 0 0 0 0 6 0 0 3 0 0 0 0 0
1439784577 76 12 0 37 42 22 0 0 0 0 0 6 0 0 3 0 0 0 0 0
1440867825 76 13 0 37 42 22 0 0 0 0 0 6 0 0 3 0 0 0 0 0
1440871521 76 13 0 37 42 23 0 0 0 0 0 6 0 0 3 0 0 0 0 0
1440872403 76 13 0 37 42 24 0 0 0 0 0 6 0 0 3 0 0 0 0 0
1440872686 76 13 0 37 42 25 0 0 0 0 0 6 0 0 3 0 0 0 0 0
1440874265 78 13 0 37 42 25 0 0 0 0 0 6 0 0 3 0 0 0 0 0
1440959157 79 14 0 37 42 25 0 0 0 0 0 6 0 0 3 0 0 0 0 0
1440959561 80 14 0 37 42 25 0 0 0 0 0 6 0 0 3 0 0 0 0 0
1440960943 80 14 0 37 42 26 0 0 0 0 0 6 0 0 3 0 0 0 0 0
1440979129 80 14 0 37 42 27 0 0 0 0 0 6 0 0 3 0 0 0 0 0
1440981909 80 15 0 37 42 27 0 0 0 0 0 6 0 0 3 0 0 0 0 0
1440983255 80 15 0 37 42 28 0 0 0 0 0 6 0 0 3 0 0 0 0 0
1440983373 80 16 0 37 42 28 0 0 0 0 0 6 0 0 3 0 0 0 0 0
1440998512 81 16 0 37 42 28 0 0 0 0 0 6 0 0 3 0 0 0 0 0
1441080032 81 17 0 37 42 28 0 0 0 0 0 6 0 0 3 0 0 0 0 0
1441080235 81 17 0 37 42 29 0 0 0 0 0 6 0 0 3 0 0 0 0 0
1441081611 81 17 0 37 42 30 0 0 0 0 0 6 0 0 3 0 0 0 0 0
1441082283 81 18 0 37 42 30 0 0 0 0 0 6 0 0 3 0 0 0 0 0
1441121515 81 18 0 37 42 31 0 0 0 0 0 6 0 0 3 0 0 0 0 0
1441125658 81 18 0 37 42 31 0 0 0 0 0 6 0 0 3 0 0 0 0 0
1441129779 82 18 0 37 42 31 0 0 0 0 0 6 0 0 3 0 0 0 0 0
1441216462 82 19 0 37 42 31 0 0 0 0 0 6 0 0 3 0 0 0 0 0
1441334018 83 19 0 37 42 31 0 0 0 0 0 6 0 0 3 0 0 0 0 0
1441334834 83 20 0 37 42 31 0 0 0 0 0 6 0 0 3 0 0 0 0 0
1441334849 84 20 0 37 42 31 0 0 0 0 0 6 0 0 3 0 0 0 0 0
1441337214 84 21 0 37 42 31 0 0 0 0 0 6 0 0 3 0 0 0 0 0
1442005671 84 21 0 37 43 31 0 0 0 0 0 6 0 0 3 0 0 0 0 0
1442005810 84 21 0 37 44 31 0 0 0 0 0 6 0 0 3 0 0 0 0 0
1442083530 85 21 0 37 44 31 0 0 0 0 0 6 0 0 3 0 0 0 0 0
1442083557 86 21 0 37 44 31 0 0 0 0 0 6 0 0 3 0 0 0 0 0
1442118664 87 21 0 37 44 31 0 0 0 0 0 6 0 0 3 0 0 0 0 0
1442216956 87 22 0 37 44 31 0 0 0 0 0 6 0 0 3 0 0 0 0 0
1443054702 87 22 0 37 44 31 0 0 0 1 0 6 0 0 3 0 0 0 0 0
1443054776 87 22 0 37 44 31 0 0 0 2 0 6 0 0 3 0 0 0 0 0
1443055074 87 22 0 37 44 31 0 0 0 3 0 6 0 0 3 0 0 0 0 0
1443215994 87 22 0 37 44 31 0 0 0 4 0 6 0 0 3 0 0 0 0 0
1443232186 87 23 0 37 44 31 0 0 0 4 0 6 0 0 3 0 0 0 0 0
1443233342 87 23 0 37 44 31 1 0 0 4 0 6 0 0 3 0 0 0 0 0
1443233874 87 23 0 37 44 31 2 0 0 4 0 6 0 0 3 0 0 0 0 0
1443234027 87 24 0 37 44 31 2 0 0 4 0 6 0 0 3 0 0 0 0 0
1443237857 87 24 0 37 44 31 3 0 0 4 0 6 0 0 3 0 0 0 0 0
1443237978 87 25 0 37 44 31 3 0 0 4 0 6 0 0 3 0 0 0 0 0
1443238495 87 25 0 37 44 31 3 0 0 4 0 6 0 0 3 0 1 0 0 0
1443240742 87 25 0 37 44 31 4 0 0 4 0 6 0 0 3 0 1 0 0 0
1443242736 87 25 0 37 44 31 5 0 0 4 0 6 0 0 3 0 1 0 0 0
1443338580 87 25 1 37 44 31 5 0 0 4 0 6 0 0 3 0 1 0 0 0
1443375723 87 25 2 37 44 31 5 0 0 4 0 6 0 0 3 0 1 0 0 0
1443379486 88 25 3 37 44 31 5 0 0 4 0 6 0 0 3 0 1 0 0 0
1443380452 88 25 4 37 44 31 5 0 0 4 0 6 0 0 3 0 1 0 0 0
1443382838 89 25 4 37 44 31 5 0 0 4 0 6 0 0 3 0 1 0 0 0
1443386894 91 26 5 37 44 31 5 0 0 4 0 6 0 0 3 0 1 0 0 0
1443387145 91 26 6 37 44 31 5 0 0 4 0 6 0 0 3 0 1 0 0 0
1443387314 91 26 9 37 44 31 5 0 0 4 0 6 0 0 3 0 1 0 0 0
1443388721 91 27 9 37 44 31 5 0 0 4 0 6 0 0 3 0 1 0 0 0
1443388817 92 27 10 37 44 31 5 0 0 4 0 6 0 0 3 0 1 0 0 0
1443389073 92 27 11 37 44 31 5 0 0 4 0 6 0 0 3 0 1 0 0 0
1443389586 92 27 12 37 44 31 5 0 0 4 0 6 0 0 3 0 1 0 0 0
1443390239 92 27 13 37 44 31 5 0 0 4 0 6 0 0 3 0 1 0 0 0
1443391254 92 27 14 37 44 31 5 0 0 4 0 6 0 0 3 0 1 0 0 0
1443391386 92 27 14 37 45 31 5 0 0 4 0 6 0 0 3 0 1 0 0 0
1443391763 92 27 15 37 45 31 5 0 0 4 0 6 0 0 3 0 1 0 0 0
1443391837 92 27 15 37 46 31 5 0 0 4 0 6 0 0 3 0 1 0 0 0
1443467589 92 27 15 37 46 31 6 0 0 4 0 6 0 0 3 0 1 0 0 0
1443563598 92 27 15 37 46 31 7 0 0 4 0 6 0 0 3 0 1 0 0 0
1443806437 93 27 15 37 46 31 7 0 0 4 0 6 0 0 3 0 1 0 0 0
1443810322 94 28 15 37 46 31 7 2 0 4 0 6 0 0 3 0 2 0 0 0
1443844595 96 28 15 37 46 31 7 2 0 4 0 6 0 0 3 0 2 0 0 0
1443854999 97 28 15 37 46 31 7 2 0 4 0 6 0 0 3 0 2 0 0 0
1443892401 97 29 15 37 46 31 7 2 0 4 0 6 0 0 3 0 2 0 0 0
1443892700 98 29 15 37 46 31 7 2 0 4 0 6 0 0 3 0 2 0 0 0
1443892857 99 29 15 37 46 31 7 2 0 4 0 6 0 0 3 0 2 0 0 0
1443894796 99 31 15 37 46 31 7 2 0 4 0 6 0 0 3 0 2 0 0 0
1443898406 99 32 15 37 46 31 7 2 0 4 0 6 0 0 3 0 2 0 0 0
1443898494 99 32 15 37 46 31 7 2 1 4 0 6 0 0 3 0 2 0 0 0
1443898855 99 33 15 37 46 31 7 2 1 4 0 6 0 0 3 0 2 0 0 0
1443899501 99 33 15 37 46 31 7 2 2 4 0 6 0 0 3 0 2 0 0 0
1443899654 99 33 15 37 46 31 7 3 2 4 0 6 0 0 3 0 2 0 0 0
1443920470 99 34 15 37 46 31 7 3 2 4 0 6 0 0 3 0 2 0 0 0
1443931316 99 34 16 37 46 31 7 3 2 4 0 6 0 0 3 0 2 0 0 0
1443932076 99 34 17 37 46 31 7 3 2 4 0 6 0 0 3 0 2 0 0 0
1443936915 100 34 17 37 46 31 7 3 2 4 0 6 0 0 3 0 2 0 0 0
1444204263 100 34 17 38 46 31 7 3 2 4 0 6 0 0 3 0 2 0 0 0
1444266596 100 34 17 39 46 31 7 3 2 4 0 6 0 0 3 0 2 0 0 0
1444270293 101 34 17 39 46 31 7 3 2 4 0 6 0 0 3 0 2 0 0 0
1444343444 101 35 17 39 46 31 7 3 2 4 0 6 0 0 3 0 2 0 0 0
1444344074 101 36 17 39 46 31 7 3 2 4 0 6 0 0 3 0 2 0 0 0
1444344186 101 36 17 40 46 31 7 3 2 4 0 6 0 0 3 0 2 0 0 0
1444409679 101 36 17 40 46 31 7 3 2 4 0 6 0 0 3 0 2 0 0 0
1444411319 101 36 17 40 46 31 7 3 2 4 0 6 0 0 3 0 2 0 0 0
1444411366 101 36 17 40 46 31 7 3 2 4 0 6 0 0 3 0 2 0 0 0
1444411527 101 36 17 40 46 31 7 3 2 4 0 6 0 0 3 0 2 0 1 0
1444412512 101 36 17 40 46 31 7 3 2 4 0 6 0 0 3 0 2 0 2 0
1444412565 101 36 17 40 46 31 7 3 2 4 0 6 1 0 3 0 2 0 2 0
1444412594 101 36 17 40 46 31 7 3 2 4 0 6 1 0 3 1 2 0 2 0
1444412656 101 36 17 40 46 31 7 3 2 4 0 6 1 0 3 2 2 0 2 0
1444412895 101 36 17 40 46 31 7 3 2 4 0 6 1 0 3 2 2 0 2 0
1444413049 101 36 17 40 46 31 7 3 2 4 0 6 1 0 3 2 2 0 2 0
1444413148 101 36 17 40 46 31 7 3 2 4 0 6 2 0 3 2 2 0 2 0
1444419139 102 36 17 40 46 31 7 3 2 4 0 6 2 0 3 2 2 0 2 0
1444419155 103 36 17 40 46 31 7 3 2 4 0 6 2 0 3 2 2 0 2 0
1444419181 104 36 17 40 46 31 7 3 2 4 0 6 2 0 3 2 2 0 2 0
1444419580 104 36 17 40 46 31 7 3 2 4 0 6 2 1 3 2 2 0 2 0
1444419980 105 36 17 40 46 31 7 3 2 4 0 6 2 1 3 2 2 0 2 0
1444520228 105 36 17 40 46 31 7 3 2 4 0 6 2 1 3 2 2 0 2 0
1444595986 106 36 17 40 46 31 7 3 2 4 0 6 2 1 3 2 2 0 2 0
1444762721 106 36 17 41 46 31 7 3 2 4 0 6 2 1 3 2 2 0 2 0
1445192509 106 36 17 41 46 31 7 3 2 5 0 6 2 1 3 2 2 0 2 0
1445194145 106 36 17 41 46 31 7 4 2 5 0 6 2 1 3 2 2 0 2 0
1445198101 106 36 17 41 46 31 7 5 2 5 0 6 2 1 3 2 2 0 2 0
1445198147 106 36 17 41 46 31 8 5 2 5 0 6 2 1 3 2 2 0 2 0
1445198644 106 36 17 41 46 31 9 5 2 5 0 6 2 1 3 2 2 0 2 0
1445198916 106 36 17 41 46 31 9 5 2 6 0 6 2 1 3 2 2 0 2 0
1445200834 106 36 17 41 46 31 9 6 2 6 0 6 2 1 3 2 2 0 2 0
1445201328 106 37 17 41 46 31 9 6 2 6 0 6 2 1 3 2 2 0 2 0
1445201365 106 37 17 41 46 31 10 6 2 6 0 6 2 1 3 2 2 0 2 0
1445201558 106 37 17 41 46 31 11 6 2 6 0 6 2 1 3 2 2 0 2 0
1445374259 106 37 17 41 46 31 11 7 2 6 0 6 2 1 3 2 2 0 2 0
1445374738 106 37 17 41 46 31 11 8 2 6 0 6 2 1 3 2 2 0 2 0
1445379490 106 37 17 41 46 31 12 8 2 6 0 6 2 1 3 2 2 0 2 0
1445381326 106 37 17 41 46 31 13 8 2 6 0 6 2 1 3 2 2 0 2 0
1445381397 106 38 17 41 46 31 13 8 2 6 0 6 2 1 3 2 2 0 2 0
1445381938 106 39 17 41 46 31 13 8 2 6 0 6 2 1 3 2 2 0 2 0
1445394069 106 40 17 41 46 31 13 8 2 6 0 6 2 1 3 2 2 0 2 0
1445394134 106 41 17 41 46 31 13 8 2 6 0 6 2 1 3 2 2 0 2 0
1445394224 106 41 17 42 46 31 13 8 2 6 0 6 2 1 3 2 2 0 2 0
1445394558 106 42 17 42 46 31 13 8 2 6 0 6 2 1 3 2 2 0 2 0
1445394581 106 43 17 42 46 31 13 8 2 6 0 6 2 1 3 2 2 0 2 0
1445395320 106 44 17 42 46 31 13 8 2 6 0 6 2 1 3 2 2 0 2 0
1445396897 106 45 17 42 46 31 13 8 2 6 0 6 2 1 3 2 2 0 2 0
1445400406 106 46 17 42 46 31 13 8 2 6 0 6 2 1 3 2 2 0 2 0
1445400852 106 47 17 42 46 31 13 8 2 6 0 6 2 1 3 2 2 0 2 0
1445401183 106 48 17 42 46 31 13 8 2 6 0 6 2 1 3 2 2 0 2 0
1445401302 106 49 17 42 46 31 13 8 2 6 0 6 2 1 3 2 2 0 2 0
1445402276 106 50 17 42 46 31 13 8 2 6 0 6 2 1 3 2 2 0 2 0
1445616186 106 50 17 42 46 31 13 8 2 6 0 6 3 1 3 2 2 0 2 0
1445616523 106 50 17 42 46 31 13 8 2 6 0 6 4 1 3 2 2 0 2 0
1445625987 106 50 17 42 46 31 13 8 2 6 0 6 4 3 3 2 2 0 2 0
1445627402 106 50 17 42 46 31 13 8 2 6 0 6 4 4 3 2 2 0 2 0
1445835412 106 50 18 42 46 31 13 8 2 6 0 6 4 4 3 2 2 0 2 0
1445835437 106 50 19 42 46 31 13 8 2 6 0 6 4 4 3 2 2 0 2 0
1445835612 106 50 19 42 47 31 13 8 2 6 0 6 4 4 3 2 2 0 2 0
1445836696 106 50 20 42 47 31 13 8 2 6 0 6 4 4 3 2 2 0 2 0
1445836830 106 50 21 42 47 31 13 8 2 6 0 6 4 4 3 2 2 0 2 0
1445890869 106 50 22 42 47 31 13 8 2 6 0 6 4 4 3 2 2 0 2 0
1445891812 106 50 22 42 47 31 13 9 2 6 0 6 4 4 3 2 2 0 2 0
1445892256 106 50 23 42 47 31 13 9 2 6 0 6 4 4 3 2 2 0 2 0
1445892356 106 50 24 42 47 31 13 9 2 6 0 6 4 4 3 2 2 0 2 0
1445894652 106 50 24 42 47 31 13 10 2 6 0 6 4 4 3 2 2 0 2 0
1445895003 106 50 25 42 47 31 13 10 2 6 0 6 4 4 3 2 2 0 2 0
1445895773 106 50 25 42 48 31 13 10 2 6 0 6 4 4 3 2 2 0 2 0
1445898786 106 51 25 42 48 31 13 10 2 6 0 6 4 4 3 2 2 0 2 0
1445901495 106 52 25 42 48 31 13 10 2 6 0 6 4 4 3 2 2 0 2 0
1445901973 106 53 25 42 48 31 13 10 2 6 0 6 4 4 3 2 2 0 2 0
1445902146 106 54 25 42 48 31 13 10 2 6 0 6 4 4 3 2 2 0 2 0
1445908841 106 54 25 43 48 31 13 10 2 6 0 6 4 4 3 2 2 0 2 0
1445916294 107 54 25 43 48 31 13 10 2 6 0 6 4 4 3 2 2 0 2 0
1445934060 107 54 25 43 49 31 13 10 2 6 0 6 4 4 3 2 2 0 2 0
1445935848 107 54 25 43 50 31 13 10 2 6 0 6 4 4 3 2 2 0 2 0
1445957303 107 54 25 43 50 31 14 10 2 6 0 6 4 4 3 2 2 0 2 0
1445961151 107 54 25 43 50 31 15 10 2 6 0 6 4 4 3 2 2 0 2 0
1445961227 107 54 25 43 50 31 16 10 2 6 0 6 4 4 3 2 2 0 2 0
1446591216 107 54 25 43 50 31 16 11 2 6 0 6 4 4 3 2 2 0 2 0
1446597509 107 54 25 44 50 31 16 11 2 6 0 6 4 4 3 2 2 0 2 0
1446598307 107 54 25 45 50 31 16 11 2 6 0 6 4 4 3 2 2 0 2 0
1446607299 107 54 25 45 50 31 17 11 2 6 0 6 4 4 3 2 2 0 2 0
1446765136 107 54 25 45 50 31 18 11 2 6 0 6 4 4 3 2 2 0 2 0
1446765792 107 54 25 45 50 31 19 11 2 6 0 6 4 4 3 2 2 0 2 0
1446833563 107 55 25 45 50 31 19 11 2 6 0 6 4 4 3 2 2 0 2 0
1446915447 108 55 25 45 50 31 19 11 5 6 0 6 4 4 3 2 2 0 2 0
1446916724 108 55 25 45 50 31 19 11 6 6 0 6 4 4 3 2 2 0 2 0
1446922470 109 55 25 45 50 31 19 11 6 6 0 6 4 4 3 2 2 0 2 0
1446923301 110 55 25 45 50 31 19 11 6 6 0 6 4 4 3 2 2 0 2 0
1446924973 110 55 25 45 50 31 19 11 6 7 0 6 4 4 3 2 2 0 2 0
1446936351 111 55 25 45 50 31 19 11 6 7 0 6 4 4 3 2 2 0 2 0
1447012340 111 55 25 45 50 31 19 11 7 7 0 6 4 4 3 2 2 0 2 0
1447181286 111 55 26 45 50 31 19 11 7 7 0 6 4 4 3 2 2 0 2 0
1447194810 111 55 26 45 50 31 19 11 7 7 0 6 4 4 3 2 2 0 2 0
1447196273 111 55 26 45 50 31 20 11 7 7 0 6 4 4 3 2 2 0 2 0
1447203396 111 55 27 45 50 31 20 11 7 7 0 6 4 4 3 2 2 0 2 0
1447437071 111 55 27 45 50 31 20 11 7 8 0 6 4 4 3 2 2 0 2 0
1447530642 111 56 27 45 50 31 20 11 7 8 0 6 4 4 3 2 2 0 2 0
1447530665 111 57 27 45 50 31 20 11 7 8 0 6 4 4 3 2 2 0 2 0
1447530828 111 58 27 45 50 31 20 11 7 8 0 6 4 4 3 2 2 0 2 0
1447531010 111 59 27 45 50 31 20 11 7 8 0 6 4 4 3 2 2 0 2 0
1447599384 112 59 27 46 50 31 20 11 11 8 0 6 4 4 3 2 2 0 2 0
1447599708 112 59 27 46 50 31 20 11 12 8 0 6 4 4 3 2 2 0 2 0
1447796765 112 59 27 46 50 31 21 11 12 8 0 6 4 4 3 2 2 0 2 0
1448097683 113 59 27 46 50 31 21 11 12 8 0 6 4 4 3 2 2 0 2 0
1448167235 114 59 27 46 50 31 21 11 12 8 0 6 4 4 3 2 2 0 2 0
1448398013 114 59 28 46 50 31 21 11 12 8 0 6 4 4 3 2 2 0 2 0
1448398147 114 59 29 46 50 31 21 11 12 8 0 6 4 4 3 2 2 0 2 0
1448399017 114 59 29 47 50 31 21 11 12 8 0 6 4 4 3 2 2 0 2 0
1448400284 114 59 29 47 50 31 21 11 13 8 0 6 4 4 3 2 2 0 2 0
1448400725 114 60 29 47 50 31 21 11 13 8 0 6 4 4 3 2 2 0 2 0
1448401587 114 60 29 47 50 31 21 11 14 8 0 6 4 4 3 2 2 0 2 0
1448401928 114 60 30 47 50 31 21 11 14 8 0 6 4 4 3 2 2 0 2 0
1448402383 114 60 30 48 50 31 21 11 14 8 0 6 4 4 3 2 2 0 2 0
1448403052 114 60 30 48 50 31 21 12 14 8 0 6 4 4 3 2 2 0 2 0
1448494637 114 60 30 48 50 31 21 13 14 8 0 6 4 4 3 2 2 0 2 0
1448595596 114 60 30 48 50 31 21 14 14 8 0 6 4 4 3 2 2 0 2 0
1448656230 114 60 31 48 50 31 21 14 14 8 0 6 4 4 3 2 2 0 2 0
1448658762 114 60 32 48 50 31 21 14 14 8 0 6 4 4 3 2 2 0 2 0
1448659258 114 60 32 48 51 31 21 14 14 8 0 6 4 4 3 2 2 0 2 0
1448921102 114 60 32 48 51 31 21 15 14 8 0 6 4 4 3 2 2 0 2 0
1448943082 114 60 32 48 51 31 21 15 14 9 0 6 4 4 3 2 2 0 2 0
1448986188 114 60 32 48 51 31 21 15 14 10 0 6 4 4 3 2 2 0 2 0
1449005117 114 60 32 48 51 31 21 15 15 10 0 6 4 4 3 2 2 0 2 0
1449006938 114 60 32 48 51 31 22 15 15 10 0 6 4 4 3 2 2 0 2 0
1449007844 114 60 32 48 51 31 22 16 15 10 0 6 4 4 3 2 2 0 2 0
1449008065 114 60 32 48 51 31 22 17 15 10 0 6 4 4 3 2 2 0 2 0
1449008373 114 60 32 49 51 31 22 17 15 10 0 6 4 4 3 2 2 0 2 0
1449008705 114 60 32 49 51 31 23 17 15 10 0 6 4 4 3 2 2 0 2 0
1449016760 114 60 32 49 51 31 23 17 15 11 0 6 4 4 3 2 2 0 2 0
1449033113 115 60 32 49 51 31 23 17 15 11 0 6 4 4 3 2 2 0 2 0
1449040124 115 61 32 49 51 31 23 17 15 11 0 6 4 4 3 2 2 0 2 0
1449084418 115 62 32 49 51 31 23 17 15 11 0 6 4 4 3 2 2 0 2 0
1449093108 115 62 32 49 51 31 23 17 15 12 0 6 4 4 3 2 2 0 2 0
1449177208 115 62 32 49 51 31 23 17 15 13 0 6 4 4 3 2 2 0 2 0
1449177738 115 62 32 49 51 31 23 17 15 13 0 6 4 4 3 2 2 0 2 0
1449177877 115 62 33 49 51 31 23 17 15 13 0 6 4 4 3 2 2 0 2 0
1449182261 115 62 34 49 51 31 23 17 15 13 0 6 4 4 3 2 2 0 2 0
1449182658 115 62 35 49 51 31 23 17 15 13 0 6 4 4 3 2 2 0 2 0
1449182699 115 62 36 49 51 31 23 17 15 13 0 6 4 4 3 2 2 0 2 0
1449186841 115 62 37 49 51 31 23 17 15 13 0 6 4 4 3 2 2 0 2 0
1449187720 115 62 38 49 51 31 23 17 15 14 0 6 4 4 3 2 2 0 2 0
1449369965 115 62 39 49 51 31 23 17 15 14 0 6 4 4 3 2 2 0 2 0
1449372146 115 62 40 49 51 31 23 17 15 14 0 6 4 4 3 2 2 0 2 0
1449372417 115 62 41 49 51 31 23 17 15 14 0 6 4 4 3 2 2 0 2 0
1449383785 116 62 41 49 51 31 23 17 15 14 0 6 4 4 3 2 2 0 2 0
1449424074 116 62 42 49 51 31 23 17 15 14 0 6 4 4 3 2 2 0 2 0
1453772370 117 62 42 49 51 31 23 17 15 14 0 6 4 4 3 2 2 0 2 0
1454104589 117 62 42 49 51 31 23 17 15 14 0 6 4 4 3 2 2 0 2 0
1454295188 117 62 42 49 51 31 23 17 15 14 0 6 4 4 3 2 2 0 2 0
1454305585 117 62 43 49 51 31 23 17 15 14 0 6 4 4 3 2 2 0 2 0
1454305634 117 62 44 49 51 31 23 17 15 14 0 6 4 4 3 2 2 0 2 0
1455320748 117 62 44 49 51 31 23 17 15 14 1 6 4 4 3 2 2 0 2 0
1455912261 118 62 44 49 51 31 23 17 15 14 1 6 4 4 3 2 2 0 2 0
1455961165 119 62 44 49 51 31 23 17 15 14 1 6 4 4 3 2 2 0 2 0
1455963723 120 62 44 49 51 31 23 17 15 14 1 6 4 4 3 2 2 0 2 0
1455964457 122 62 44 49 51 31 23 17 15 14 1 6 4 4 3 2 2 0 2 0
1456009347 123 62 44 49 51 31 23 17 15 14 1 6 4 4 3 2 2 0 2 0
1456010378 123 62 45 49 51 31 23 17 15 14 1 6 4 4 3 2 2 0 2 0
1456011168 124 62 45 50 51 31 23 17 15 14 1 6 4 4 3 2 2 0 2 1
1456011750 124 62 45 51 51 31 23 17 15 14 1 6 4 4 3 2 2 0 2 1
1456013091 124 62 45 52 51 31 23 17 15 14 1 6 4 4 3 2 2 0 2 1
1456013628 125 62 45 52 51 31 23 17 15 14 1 6 4 4 3 2 2 0 2 1
1456086490 126 62 45 52 51 31 23 17 15 14 1 6 4 4 3 2 2 0 2 1
1456341813 126 62 45 52 51 31 23 17 15 14 2 6 4 4 3 2 2 0 2 1
1456384634 127 62 45 52 51 31 23 17 15 14 2 6 4 4 3 2 2 0 2 1
1456393336 128 62 45 52 51 31 23 17 15 14 2 6 4 4 3 2 2 0 2 1
1456425598 129 62 45 52 51 31 23 17 15 14 2 6 4 4 3 2 2 0 2 1
1456428551 129 62 45 52 51 31 23 17 15 14 3 6 4 4 3 2 2 0 2 1
1456646784 130 62 45 52 51 31 23 17 15 14 3 6 4 4 3 2 2 0 2 1
1456705745 130 62 46 52 51 31 23 17 15 14 3 6 4 4 3 2 2 0 2 1
1456869070 130 62 46 52 51 31 23 17 15 14 4 6 4 4 3 2 2 0 2 1
1456872427 130 62 46 52 51 31 23 17 15 14 5 6 4 4 3 2 2 0 2 1
1456872681 130 62 46 52 51 31 23 17 15 14 6 6 4 4 3 2 2 0 2 1
1456873796 131 62 46 52 51 31 23 17 15 14 6 6 4 4 3 2 2 0 2 1
1456874313 132 62 46 52 51 31 23 17 15 14 6 6 4 4 3 2 2 0 2 1
1456874819 133 62 46 52 51 31 23 17 15 14 6 6 4 4 3 2 2 0 2 1
1456876904 134 62 46 52 51 31 23 17 15 14 6 6 4 4 3 2 2 0 2 1
1456877371 135 62 46 52 51 31 23 17 15 14 6 6 4 4 3 2 2 0 2 1
1456878225 138 62 46 52 51 31 23 21 15 14 6 6 4 4 3 2 2 1 2 2
1456879351 139 62 47 52 51 31 23 21 15 14 6 6 4 4 3 2 2 1 2 2
1456880762 139 62 47 52 51 31 23 21 15 14 6 6 4 4 3 2 2 2 2 2
1456881629 139 62 48 52 51 31 23 21 15 14 6 6 4 4 3 2 2 2 2 2
1456886971 139 62 49 52 51 31 23 21 15 14 6 6 4 4 3 2 2 2 2 2
1457474532 139 62 49 52 51 31 23 21 15 14 7 6 4 4 3 2 2 2 2 2
1457477942 139 62 52 52 51 31 23 21 15 14 8 6 4 4 3 2 2 2 2 2
1457487977 140 62 52 52 51 31 23 21 15 14 8 6 4 4 3 2 2 2 2 2
1457488305 140 62 53 52 51 31 23 21 15 14 8 6 4 4 3 2 2 2 2 2
1457489014 140 62 54 52 51 31 23 22 15 14 8 6 4 4 3 2 2 2 2 2
1457500633 141 62 54 52 51 31 23 22 15 14 8 6 4 4 3 2 2 2 2 2
1457501442 142 62 54 52 51 31 23 22 15 14 8 6 4 4 3 2 2 2 2 2
1457682607 142 62 55 52 51 31 23 22 15 14 8 6 4 4 3 2 2 2 2 2
