1418093133 4
1418414864 46
1418419699 88
1418425604 114
1418491165 122
1418491230 122
1418784680 126
1419213024 134
1422077147 29621
1422668686 29745
1423015997 3826
1423018331 3838
1423021475 3867
1423021498 3885
1423026259 3905
1423027135 3978
1423333111 4047
1423605919 4047
1423607573 4048
1425020566 4054
1426305935 4056
1426306297 4056
1426306536 4287
1426313354 4446
1426354744 4465
1426394567 4586
1426397331 4830
1426404235 4833
1426404458 4832
1426404520 4832
1426462684 4845
1426620361 4872
1426620402 4939
1426626847 4941
1426630122 4949
1426638113 4954
1426645419 4964
1426703835 5010
1426703847 5073
1426720233 5140
1426801463 5206
1426803019 5215
1427511955 5274
1427523150 5276
1427830174 5565
1427999496 5583
1428085870 5747
1428273068 5749
1428276435 5732
1428371044 5735
1428456023 5733
1428468714 5735
1428470151 5763
1428606136 5847
1429043445 5918
1429045966 5918
1429652637 6006
1430269375 6014
1430269448 6014
1430864053 6119
1431052945 6126
1438733634 6124
1438733677 6238
1439265306 6244
1439267817 6232
1439440151 6494
1439442121 6492
1440867825 6597
1440874265 6610
1440959157 6636
1440959561 6684
1440981909 7232
1440983373 7231
1441080032 7284
1441082283 7295
1441129779 7295
1441216462 7296
1441334834 7306
1441337214 7299
1442083530 7300
1442083557 7321
1442216956 7300
1443232186 7305
1443234027 7320
1443237978 7325
1443379486 7377
1443382838 7406
1443386894 7459
1443388817 7457
1443391386 7542
1443391837 7683
1443854999 7683
1443892700 7726
1443892857 7726
1443894796 7736
1443898855 7736
1443899654 7737
1443936915 7781
1444270293 7610
1444419139 7625
1444419155 7628
1444419181 7628
1444419980 7629
1444595986 7648
1445201328 7650
1445381397 7650
1445381938 7697
1445835437 7711
1445835612 7732
1445836830 7760
1445895773 7770
1445902146 7803
1445916294 7869
1445934060 7888
1445935848 8352
1446833563 8519
1446915447 8495
1446923301 8496
1447194810 8514
1447530642 8545
1447530665 8545
1447530828 8553
1447531010 8601
1448097683 8601
1448398147 8673
1448399017 8798
1448400725 8817
1448402383 8824
1448659258 8835
1448921102 8860
1449008373 8924
1449040124 8926
1449084418 8952
1449177738 8963
1449182699 8975
1449383785 8986
1453772370 9131
1454305585 9131
1454305634 9134
1456010378 9142
1456011168 9147
1456011750 9167
1456013091 9167
1456013628 9193
1456086490 9193
1456384634 9203
1456705745 9268
1456874819 9331
1456878225 9334
1456879351 9453
1456880762 9524
1457487977 11372
1457489014 11449
1457682607 11506
