1418093133 4 0 0 0 0 0 0 0 0 0 0 0 0 0 0 0 0 0 0 0
1418414864 46 0 0 0 0 0 0 0 0 0 0 0 0 0 0 0 0 0 0 0
1418419699 130 0 0 0 0 0 0 0 0 0 0 0 0 0 0 0 0 0 0 0
1418425604 157 0 0 0 0 0 0 0 0 0 0 0 0 0 0 0 0 0 0 0
1418434226 157 6 0 0 0 0 0 0 0 0 0 0 0 0 0 0 0 0 0 0
1418491165 167 6 0 0 0 0 0 0 0 0 0 0 0 0 0 0 0 0 0 0
1418491230 167 6 0 0 0 0 0 0 0 0 0 0 0 0 0 0 0 0 0 0
1418784680 171 6 0 0 0 0 0 0 0 0 0 0 0 0 0 0 0 0 0 0
1419213024 179 6 0 0 0 0 0 0 0 0 0 0 0 0 0 0 0 0 0 0
1422077147 29666 6 0 0 0 0 0 0 0 0 0 0 0 0 0 0 0 0 0 0
1422668686 29790 6 0 0 0 0 0 0 0 0 0 0 0 0 0 0 0 0 0 0
1423015997 29918 6 0 0 0 0 0 0 0 0 0 0 0 0 0 0 0 0 0 0
1423018331 29931 6 0 0 0 0 0 0 0 0 0 0 0 0 0 0 0 0 0 0
1423021475 29931 6 0 0 29 0 0 0 0 0 0 0 0 0 0 0 0 0 0 0
1423021498 29931 6 0 0 49 0 0 0 0 0 0 0 0 0 0 0 0 0 0 0
1423026259 29931 6 0 0 73 0 0 0 0 0 0 0 0 0 0 0 0 0 0 0
1423027135 30004 6 0 0 73 0 0 0 0 0 0 0 0 0 0 0 0 0 0 0
1423333111 30087 6 0 0 73 0 0 0 0 0 0 0 0 0 0 0 0 0 0 0
1423605919 30090 6 0 0 73 0 0 0 0 0 0 0 0 0 0 0 0 0 0 0
1423607573 30091 6 0 0 73 0 0 0 0 0 0 0 0 0 0 0 0 0 0 0
1424408744 30132 6 0 0 73 0 0 0 0 0 0 0 0 0 0 0 0 0 0 0
1424836182 30174 6 0 0 73 0 0 0 0 0 0 0 0 0 0 0 0 0 0 0
1424837732 30193 6 0 0 73 0 0 0 0 0 0 0 0 0 0 0 0 0 0 0
1424838081 30193 6 0 9 73 0 0 0 0 0 0 0 0 0 0 0 0 0 0 0
1425020566 30193 6 0 9 73 0 0 0 0 0 0 0 0 0 0 0 0 0 0 0
1425160613 30269 6 0 9 73 0 0 0 0 0 0 0 0 0 0 0 0 0 0 0
1425163803 30275 6 0 9 73 0 0 0 0 0 0 0 0 0 0 0 0 0 0 0
1425418125 30275 6 0 9 73 0 0 0 0 0 0 0 0 0 0 0 0 0 0 0
1425575809 30275 6 0 92 73 0 0 0 0 0 0 0 0 0 0 0 0 0 0 0
1426170378 30321 6 0 92 73 0 0 0 0 0 0 0 0 0 0 0 0 0 0 0
1426185737 30321 6 0 157 73 0 0 0 0 0 0 0 0 0 0 0 0 0 0 0
1426195771 30321 6 0 183 73 0 0 0 0 0 0 0 0 0 0 0 0 0 0 0
1426197141 30361 6 0 183 73 0 0 0 0 0 0 0 0 0 0 0 0 0 0 0
1426197741 30398 6 0 183 73 0 0 0 0 0 0 0 0 0 0 0 0 0 0 0
1426198861 30398 6 0 237 73 0 0 0 0 0 0 0 0 0 0 0 0 0 0 0
1426280187 30398 6 0 237 73 0 0 0 0 0 0 0 0 0 0 0 0 0 0 0
1426280366 30398 6 0 237 73 0 0 0 0 0 0 0 0 0 0 0 0 0 0 0
1426301091 30402 6 0 237 73 0 0 0 0 0 0 0 0 0 0 0 0 0 0 0
1426305395 30402 6 0 237 73 3 0 0 0 0 0 0 0 0 0 0 0 0 0 0
1426305935 30402 6 0 237 73 3 0 0 0 0 0 0 0 0 0 0 0 0 0 0
1426306070 30402 6 0 237 73 4 0 0 0 0 0 0 0 0 0 0 0 0 0 0
1426306297 30402 6 0 237 73 4 0 0 0 0 0 0 0 0 0 0 0 0 0 0
1426306536 30402 6 0 237 73 4 0 0 0 0 0 0 0 0 0 0 0 0 0 0
1426311328 30453 6 0 237 73 4 0 0 0 0 0 0 0 0 0 0 0 0 0 0
1426311397 30506 6 0 237 73 4 0 0 0 0 0 0 0 0 0 0 0 0 0 0
1426311820 30506 6 0 237 73 4 0 0 0 0 0 0 0 0 0 0 0 0 0 0
1426313354 30506 6 0 237 73 24 0 0 0 0 0 0 0 0 0 0 0 0 0 0
1426354744 30506 6 0 237 73 24 0 0 0 0 0 0 0 0 0 0 0 0 0 0
1426383677 30510 6 0 237 73 24 0 0 0 0 0 0 0 0 0 0 0 0 0 0
1426388584 30654 6 0 237 73 24 0 0 0 0 0 0 0 0 0 0 0 0 0 0
1426394567 30654 6 0 237 73 347 0 0 0 0 0 0 0 0 0 0 0 0 0 0
1426395401 30654 6 0 237 73 353 0 0 0 0 0 0 0 0 0 0 0 0 0 0
1426397331 30654 6 0 237 73 353 0 0 0 0 0 0 0 0 0 0 0 0 0 0
1426400425 30661 6 0 237 73 353 0 0 0 0 0 0 0 0 0 0 0 0 0 0
1426403004 30670 6 0 237 73 353 0 0 0 0 0 0 0 0 0 0 0 0 0 0
1426404235 30670 6 0 237 73 353 0 0 0 0 0 0 0 0 0 0 0 0 0 0
1426404307 30670 6 0 237 73 353 0 0 0 0 0 0 0 0 0 0 0 0 0 0
1426404458 30670 6 0 237 73 353 0 0 0 0 0 0 0 0 0 0 0 0 0 0
1426404520 30670 6 0 237 73 353 0 0 0 0 0 0 0 0 0 0 0 0 0 0
1426407897 30700 6 0 237 73 353 0 0 0 0 0 0 0 0 0 0 0 0 0 0
1426462684 30700 6 0 237 73 353 0 0 0 0 0 0 0 0 0 0 0 0 0 0
1426539971 30850 6 0 237 73 353 0 0 0 0 0 0 0 0 0 0 0 0 0 0
1426620361 30850 6 0 237 73 353 0 0 0 0 0 0 0 0 0 0 0 0 0 0
1426620402 30850 6 0 237 73 353 0 0 0 0 0 0 0 0 0 0 0 0 0 0
1426624238 30850 6 0 241 73 353 0 0 0 0 0 0 0 0 0 0 0 0 0 0
1426626847 30850 6 0 241 73 353 0 0 0 0 0 0 0 0 0 0 0 0 0 0
1426627999 30850 6 0 241 73 353 0 0 0 0 0 8 0 0 0 0 0 0 0 0
1426630122 30850 6 0 241 73 353 0 0 0 0 0 8 0 0 0 0 0 0 0 0
1426636869 30864 6 0 241 73 353 0 0 0 0 0 8 0 0 0 0 0 0 0 0
1426638113 30864 6 0 241 73 353 0 0 0 0 0 8 0 0 0 0 0 0 0 0
1426638675 30864 6 0 241 98 353 0 0 0 0 0 8 0 0 0 0 0 0 0 0
1426642382 30864 6 0 241 131 353 0 0 0 0 0 8 0 0 0 0 0 0 0 0
1426645419 30864 6 0 241 131 353 0 0 0 0 0 8 0 0 0 0 0 0 0 0
1426652102 30864 6 0 241 213 353 0 0 0 0 0 8 0 0 0 0 0 0 0 0
1426656903 30864 6 0 241 269 353 0 0 0 0 0 8 0 0 0 0 0 0 0 0
1426659067 30864 6 0 241 270 353 0 0 0 0 0 8 0 0 0 0 0 0 0 0
1426660745 30864 6 0 241 340 353 0 0 0 0 0 8 0 0 0 0 0 0 0 0
1426675359 30864 6 0 497 340 353 0 0 0 0 0 8 0 0 0 0 0 0 0 0
1426675390 30864 6 0 497 340 353 0 0 0 0 0 8 0 0 0 0 0 0 0 0
1426675564 30864 6 0 497 340 353 0 0 0 0 0 8 0 0 0 0 0 0 0 0
1426703835 30864 6 0 497 340 353 0 0 0 0 0 8 0 0 0 0 0 0 0 0
1426703847 30864 6 0 497 340 353 0 0 0 0 0 8 0 0 0 0 0 0 0 0
1426706491 30952 6 0 497 340 353 0 0 0 0 0 8 0 0 0 0 0 0 0 0
1426719148 30957 6 0 497 340 353 0 0 0 0 0 8 0 0 0 0 0 0 0 0
1426720233 30957 6 0 497 340 353 0 0 0 0 0 8 0 0 0 0 0 0 0 0
1426723024 31025 6 0 497 340 353 0 0 0 0 0 8 0 0 0 0 0 0 0 0
1426736486 31025 6 0 537 340 353 0 0 0 0 0 8 0 0 0 0 0 0 0 0
1426737132 31025 6 0 547 340 353 0 0 0 0 0 8 0 0 0 0 0 0 0 0
1426737173 31025 6 0 547 340 353 0 0 0 0 0 8 0 0 0 0 0 0 0 0
1426801409 31025 6 0 558 340 353 0 0 0 0 0 8 0 0 0 0 0 0 0 0
1426801463 31025 6 0 558 340 353 0 0 0 0 0 8 0 0 0 0 0 0 0 0
1426801499 31025 6 0 558 340 353 0 0 0 0 0 8 0 0 0 0 0 0 0 0
1426802674 31025 6 0 558 382 353 0 0 0 0 0 8 0 0 0 0 0 0 0 0
1426802785 31025 6 0 558 382 353 0 0 0 0 0 8 0 0 0 0 0 0 0 0
1426803019 31025 6 0 558 382 353 0 0 0 0 0 8 0 0 0 0 0 0 0 0
1426804900 31025 6 0 558 416 353 0 0 0 0 0 8 0 0 0 0 0 0 0 0
1426804960 31025 6 0 558 416 353 0 0 0 0 0 8 0 0 0 0 0 0 0 0
1426806221 31025 6 0 558 449 353 0 0 0 0 0 8 0 0 0 0 0 0 0 0
1426806798 31025 6 0 558 452 353 0 0 0 0 0 8 0 0 0 0 0 0 0 0
1426806892 31025 6 0 558 456 353 0 0 0 0 0 8 0 0 0 0 0 0 0 0
1426808393 31025 6 0 558 464 353 0 0 0 0 0 8 0 0 0 0 0 0 0 0
1426808731 31025 6 0 558 465 353 0 0 0 0 0 8 0 0 0 0 0 0 0 0
1426820393 31025 6 0 558 465 353 0 0 0 0 0 8 0 0 0 0 0 0 0 0
1426822718 31025 6 0 561 465 353 0 0 0 0 0 8 0 0 0 0 0 0 0 0
1426825852 31025 6 0 563 465 353 0 0 0 0 0 8 0 0 0 0 0 0 0 0
1426826018 31025 6 0 563 465 353 0 0 0 0 0 8 0 0 0 0 0 0 0 0
1427319672 31025 6 0 563 472 353 0 0 0 0 0 8 0 0 0 0 0 0 0 0
1427510531 31025 6 0 563 473 353 0 0 0 0 0 8 0 0 0 0 0 0 0 0
1427510826 31025 6 0 563 473 353 0 0 0 0 0 8 0 0 0 0 0 0 0 0
1427511223 31025 6 0 563 494 353 0 0 0 0 0 8 0 0 0 0 0 0 0 0
1427511490 31025 6 0 563 508 353 0 0 0 0 0 8 0 0 0 0 0 0 0 0
1427511955 31025 6 0 563 508 353 0 0 0 0 0 8 0 0 0 0 0 0 0 0
1427512428 31025 6 0 563 508 353 0 0 0 0 0 8 0 0 0 0 0 0 0 0
1427519982 31025 6 0 563 524 353 0 0 0 0 0 8 0 0 0 0 0 0 0 0
1427520056 31025 6 0 563 555 353 0 0 0 0 0 8 0 0 0 0 0 0 0 0
1427520714 31025 6 0 563 555 353 0 0 0 0 0 8 0 0 0 0 0 0 0 0
1427522679 31025 6 0 563 583 353 0 0 0 0 0 8 0 0 0 0 0 0 0 0
1427523150 31025 6 0 563 583 353 0 0 0 0 0 8 0 0 0 0 0 0 0 0
1427565303 31025 6 0 563 583 444 0 0 0 0 0 8 0 0 0 0 0 0 0 0
1427567765 31025 6 0 563 583 461 0 0 0 0 0 8 0 0 0 0 0 0 0 0
1427568743 31025 6 0 563 583 494 0 0 0 0 0 8 0 0 0 0 0 0 0 0
1427650936 31025 6 0 563 594 494 0 0 0 0 0 8 0 0 0 0 0 0 0 0
1427651889 31025 6 0 563 594 494 0 0 0 0 0 8 0 0 0 0 0 0 0 0
1427680626 31025 6 0 563 594 554 0 0 0 0 0 8 0 0 0 0 0 0 0 0
1427731390 31025 6 0 563 594 554 0 0 0 0 0 8 0 0 0 0 0 0 0 0
1427829387 31025 6 0 563 597 554 0 0 0 0 0 8 0 0 0 0 0 0 0 0
1427830174 31025 6 0 563 597 554 0 0 0 0 0 8 0 0 0 0 0 0 0 0
1427831198 31025 6 0 563 617 554 0 0 0 0 0 8 0 0 0 0 0 0 0 0
1427836608 31025 6 0 563 617 554 0 0 0 0 0 8 0 0 0 0 0 0 0 0
1427940519 31025 6 0 563 617 554 0 0 0 0 0 8 0 0 0 0 0 0 0 0
1427999496 31025 6 0 563 617 554 0 0 0 0 0 8 0 0 0 0 0 0 0 0
1428085870 31025 6 0 563 617 554 0 0 0 0 0 8 0 0 0 0 0 0 0 0
1428272483 31027 6 0 563 617 554 0 0 0 0 0 8 0 0 0 0 0 0 0 0
1428273068 31027 6 0 563 617 554 0 0 0 0 0 8 0 0 0 0 0 0 0 0
1428275537 31027 6 0 563 622 554 0 0 0 0 0 8 0 0 0 0 0 0 0 0
1428276435 31027 6 0 563 622 554 0 0 0 0 0 8 0 0 0 0 0 0 0 0
1428315243 31027 6 0 569 622 554 0 0 0 0 0 8 0 0 0 0 0 0 0 0
1428315400 31027 6 0 569 622 554 0 0 0 0 0 8 0 0 0 0 0 0 0 0
1428337858 31027 6 0 570 622 554 0 0 0 0 0 8 0 0 0 0 0 0 0 0
1428340529 31027 6 0 571 622 554 0 0 0 0 0 8 0 0 0 0 0 0 0 0
1428371044 31027 6 0 571 622 554 0 0 0 0 0 8 0 0 0 0 0 0 0 0
1428433216 31028 6 0 571 622 554 0 0 0 0 0 8 0 0 0 0 0 0 0 0
1428440909 31028 6 0 571 622 554 0 0 0 0 0 8 0 0 0 0 0 0 0 0
1428449673 31049 6 0 571 622 554 0 0 0 0 0 8 0 0 0 0 0 0 0 0
1428451736 31050 6 0 571 622 554 0 0 0 0 0 8 0 0 0 0 0 0 0 0
1428456023 31055 6 0 571 622 554 0 0 0 0 0 8 0 0 0 0 0 0 0 0
1428467591 31055 6 0 571 641 554 0 0 0 0 0 8 0 0 0 0 0 0 0 0
1428467780 31055 6 0 571 643 554 0 0 0 0 0 8 0 0 0 0 0 0 0 0
1428468714 31055 6 0 571 643 554 0 0 0 0 0 8 0 0 0 0 0 0 0 0
1428469852 31055 6 0 571 645 554 0 0 0 0 0 8 0 0 0 0 0 0 0 0
1428470151 31055 6 0 571 645 554 0 0 0 0 0 8 0 0 0 0 0 0 0 0
1428480342 31055 6 0 573 645 554 0 0 0 0 0 8 0 0 0 0 0 0 0 0
1428483303 31055 6 0 689 645 554 0 0 0 0 0 8 0 0 0 0 0 0 0 0
1428483346 31055 6 0 689 645 554 0 0 0 0 0 8 0 0 0 0 0 0 0 0
1428606136 31055 6 0 689 645 554 0 0 0 0 0 8 0 0 0 0 0 0 0 0
1429043020 31055 6 0 689 645 554 0 0 0 0 0 8 0 0 0 0 0 0 0 0
1429043445 31055 6 0 689 645 554 0 0 0 0 0 8 0 0 0 0 0 0 0 0
1429044431 31055 6 0 691 645 554 0 0 0 0 0 8 0 0 0 0 0 0 0 0
1429045966 31055 6 0 691 645 554 0 0 0 0 0 8 0 0 0 0 0 0 0 0
1429064883 31055 6 0 691 645 554 0 0 0 0 0 10 0 0 0 0 0 0 0 0
1429064989 31055 6 0 691 645 554 0 0 0 0 0 85 0 0 0 0 0 0 0 0
1429065177 31055 6 0 691 645 554 0 0 0 0 0 85 0 0 0 0 0 0 0 0
1429128928 31055 6 0 709 645 554 0 0 0 0 0 85 0 0 0 0 0 0 0 0
1429649846 31055 6 0 709 645 554 0 0 0 0 0 106 0 0 0 0 0 0 0 0
1429652637 31055 6 0 709 645 554 0 0 0 0 0 106 0 0 0 0 0 0 0 0
1429652849 31055 6 0 709 645 554 0 0 0 0 0 106 0 0 0 0 0 0 0 0
1429654655 31055 6 0 719 645 554 0 0 0 0 0 106 0 0 0 0 0 0 0 0
1430260825 31055 6 0 719 645 554 0 0 0 0 0 108 0 0 0 0 0 0 0 0
1430269375 31055 6 0 719 645 554 0 0 0 0 0 108 0 0 0 0 0 0 0 0
1430269448 31055 6 0 719 645 554 0 0 0 0 0 108 0 0 0 0 0 0 0 0
1430271147 31055 6 0 842 645 554 0 0 0 0 0 108 0 0 0 0 0 0 0 0
1430271329 31055 6 0 842 645 554 0 0 0 0 0 108 0 0 0 0 0 0 0 0
1430538494 31055 6 0 969 645 554 0 0 0 0 0 108 0 0 0 0 0 0 0 0
1430761268 31055 6 0 1263 645 554 0 0 0 0 0 108 0 0 0 0 0 0 0 0
1430864053 31055 6 0 1263 645 554 0 0 0 0 0 108 0 0 0 0 0 0 0 0
1430877412 31055 6 0 1264 645 554 0 0 0 0 0 108 0 0 0 0 0 0 0 0
1431052945 31062 6 0 1264 645 554 0 0 0 0 0 108 0 0 0 0 0 0 0 0
1431053286 31063 6 0 1264 645 554 0 0 0 0 0 108 0 0 0 0 0 0 0 0
1438733634 31063 6 0 1264 645 554 0 0 0 0 0 108 0 0 0 0 0 0 0 0
1438733677 31063 6 0 1264 645 554 0 0 0 0 0 108 0 0 0 0 0 0 0 0
1439263541 31063 6 0 1264 645 630 0 0 0 0 0 108 0 0 0 0 0 0 0 0
1439265306 31063 6 0 1264 645 630 0 0 0 0 0 108 0 0 0 0 0 0 0 0
1439266588 31075 6 0 1264 645 630 0 0 0 0 0 108 0 0 0 0 0 0 0 0
1439267817 31075 6 0 1264 645 630 0 0 0 0 0 108 0 0 0 0 0 0 0 0
1439357213 31075 6 0 1264 645 905 0 0 0 0 0 108 0 0 0 0 0 0 0 0
1439439279 31075 6 0 1264 645 906 0 0 0 0 0 108 0 0 0 0 0 0 0 0
1439439491 31075 6 0 1264 645 909 0 0 0 0 0 108 0 0 0 0 0 0 0 0
1439439979 31075 6 0 1264 645 917 0 0 0 0 0 108 0 0 0 0 0 0 0 0
1439440151 31075 6 0 1264 645 917 0 0 0 0 0 108 0 0 0 0 0 0 0 0
1439441166 31080 6 0 1264 645 917 0 0 0 0 0 108 0 0 0 0 0 0 0 0
1439442121 31080 6 0 1264 645 917 0 0 0 0 0 108 0 0 0 0 0 0 0 0
1439777316 31080 6 0 1264 645 918 0 0 0 0 0 108 0 0 0 0 0 0 0 0
1439778768 31080 6 0 1264 645 932 0 0 0 0 0 108 0 0 0 0 0 0 0 0
1439779059 31080 6 0 1264 645 933 0 0 0 0 0 108 0 0 0 0 0 0 0 0
1439782640 31080 6 0 1264 645 964 0 0 0 0 0 108 0 0 0 0 0 0 0 0
1439784577 31080 6 0 1264 645 1044 0 0 0 0 0 108 0 0 0 0 0 0 0 0
1440867825 31080 6 0 1264 645 1044 0 0 0 0 0 108 0 0 0 0 0 0 0 0
1440871521 31080 6 0 1264 645 1045 0 0 0 0 0 108 0 0 0 0 0 0 0 0
1440872403 31080 6 0 1264 645 1076 0 0 0 0 0 108 0 0 0 0 0 0 0 0
1440872686 31080 6 0 1264 645 1076 0 0 0 0 0 108 0 0 0 0 0 0 0 0
1440874265 31106 6 0 1264 645 1076 0 0 0 0 0 108 0 0 0 0 0 0 0 0
1440959157 31157 6 0 1264 645 1076 0 0 0 0 0 108 0 0 0 0 0 0 0 0
1440959561 31157 6 0 1264 645 1076 0 0 0 0 0 108 0 0 0 0 0 0 0 0
1440960943 31157 6 0 1264 645 1479 0 0 0 0 0 108 0 0 0 0 0 0 0 0
1440979129 31157 6 0 1264 645 1686 0 0 0 0 0 108 0 0 0 0 0 0 0 0
1440981909 31157 6 0 1264 645 1686 0 0 0 0 0 108 0 0 0 0 0 0 0 0
1440983255 31157 6 0 1264 645 1688 0 0 0 0 0 108 0 0 0 0 0 0 0 0
1440983373 31157 6 0 1264 645 1688 0 0 0 0 0 108 0 0 0 0 0 0 0 0
1440998512 31245 6 0 1264 645 1688 0 0 0 0 0 108 0 0 0 0 0 0 0 0
1441080032 31245 6 0 1264 645 1688 0 0 0 0 0 108 0 0 0 0 0 0 0 0
1441080235 31245 6 0 1264 645 1692 0 0 0 0 0 108 0 0 0 0 0 0 0 0
1441081611 31245 6 0 1264 645 1706 0 0 0 0 0 108 0 0 0 0 0 0 0 0
1441082283 31245 6 0 1264 645 1706 0 0 0 0 0 108 0 0 0 0 0 0 0 0
1441121515 31245 6 0 1264 645 1707 0 0 0 0 0 108 0 0 0 0 0 0 0 0
1441125658 31245 6 0 1264 645 1707 0 0 0 0 0 108 0 0 0 0 0 0 0 0
1441129779 31245 6 0 1264 645 1707 0 0 0 0 0 108 0 0 0 0 0 0 0 0
1441216462 31245 6 0 1264 645 1707 0 0 0 0 0 108 0 0 0 0 0 0 0 0
1441334018 31260 6 0 1264 645 1707 0 0 0 0 0 108 0 0 0 0 0 0 0 0
1441334834 31260 6 0 1264 645 1707 0 0 0 0 0 108 0 0 0 0 0 0 0 0
1441334849 31261 6 0 1264 645 1707 0 0 0 0 0 108 0 0 0 0 0 0 0 0
1441337214 31261 6 0 1264 645 1707 0 0 0 0 0 108 0 0 0 0 0 0 0 0
1442005671 31261 6 0 1264 666 1707 0 0 0 0 0 108 0 0 0 0 0 0 0 0
1442005810 31261 6 0 1264 667 1707 0 0 0 0 0 108 0 0 0 0 0 0 0 0
1442083530 31261 6 0 1264 667 1707 0 0 0 0 0 108 0 0 0 0 0 0 0 0
1442083557 31261 6 0 1264 667 1707 0 0 0 0 0 108 0 0 0 0 0 0 0 0
1442118664 31272 6 0 1264 667 1707 0 0 0 0 0 108 0 0 0 0 0 0 0 0
1442216956 31272 6 0 1264 667 1707 0 0 0 0 0 108 0 0 0 0 0 0 0 0
1443054702 31272 6 0 1264 667 1707 0 0 0 26 0 108 0 0 0 0 0 0 0 0
1443054776 31272 6 0 1264 667 1707 0 0 0 26 0 108 0 0 0 0 0 0 0 0
1443055074 31272 6 0 1264 667 1707 0 0 0 26 0 108 0 0 0 0 0 0 0 0
1443215994 31272 6 0 1264 667 1707 0 0 0 29 0 108 0 0 0 0 0 0 0 0
1443232186 31272 6 0 1264 667 1707 0 0 0 29 0 108 0 0 0 0 0 0 0 0
1443233342 31272 6 0 1264 667 1707 18 0 0 29 0 108 0 0 0 0 0 0 0 0
1443233874 31272 6 0 1264 667 1707 20 0 0 29 0 108 0 0 0 0 0 0 0 0
1443234027 31272 6 0 1264 667 1707 20 0 0 29 0 108 0 0 0 0 0 0 0 0
1443237857 31272 6 0 1264 667 1707 27 0 0 29 0 108 0 0 0 0 0 0 0 0
1443237978 31272 6 0 1264 667 1707 27 0 0 29 0 108 0 0 0 0 0 0 0 0
1443238495 31272 6 0 1264 667 1707 27 0 0 29 0 108 0 0 0 0 70 0 0 0
1443240742 31272 6 0 1264 667 1707 45 0 0 29 0 108 0 0 0 0 70 0 0 0
1443242736 31272 6 0 1264 667 1707 55 0 0 29 0 108 0 0 0 0 70 0 0 0
1443338580 31272 6 69 1264 667 1707 55 0 0 29 0 108 0 0 0 0 70 0 0 0
1443375723 31272 6 69 1264 667 1707 55 0 0 29 0 108 0 0 0 0 70 0 0 0
1443379486 31272 6 109 1264 667 1707 55 0 0 29 0 108 0 0 0 0 70 0 0 0
1443380452 31272 6 111 1264 667 1707 55 0 0 29 0 108 0 0 0 0 70 0 0 0
1443382838 31272 6 111 1264 667 1707 55 0 0 29 0 108 0 0 0 0 70 0 0 0
1443386894 31412 6 122 1264 667 1707 55 0 0 29 0 108 0 0 0 0 70 0 0 0
1443387145 31412 6 246 1264 667 1707 55 0 0 29 0 108 0 0 0 0 70 0 0 0
1443387314 31412 6 416 1264 667 1707 55 0 0 29 0 108 0 0 0 0 70 0 0 0
1443388721 31412 6 416 1264 667 1707 55 0 0 29 0 108 0 0 0 0 70 0 0 0
1443388817 31412 6 502 1264 667 1707 55 0 0 29 0 108 0 0 0 0 70 0 0 0
1443389073 31412 6 502 1264 667 1707 55 0 0 29 0 108 0 0 0 0 70 0 0 0
1443389586 31412 6 502 1264 667 1707 55 0 0 29 0 108 0 0 0 0 70 0 0 0
1443390239 31412 6 525 1264 667 1707 55 0 0 29 0 108 0 0 0 0 70 0 0 0
1443391254 31412 6 671 1264 667 1707 55 0 0 29 0 108 0 0 0 0 70 0 0 0
1443391386 31412 6 671 1264 667 1707 55 0 0 29 0 108 0 0 0 0 70 0 0 0
1443391763 31412 6 862 1264 667 1707 55 0 0 29 0 108 0 0 0 0 70 0 0 0
1443391837 31412 6 862 1264 667 1707 55 0 0 29 0 108 0 0 0 0 70 0 0 0
1443467589 31412 6 862 1264 667 1707 68 0 0 29 0 108 0 0 0 0 70 0 0 0
1443563598 31412 6 862 1264 667 1707 99 0 0 29 0 108 0 0 0 0 70 0 0 0
1443806437 31416 6 862 1264 667 1707 99 0 0 29 0 108 0 0 0 0 70 0 0 0
1443810322 31440 29 862 1264 667 1707 99 59 0 29 0 108 0 0 0 0 72 0 0 0
1443844595 31455 29 862 1264 667 1707 99 59 0 29 0 108 0 0 0 0 72 0 0 0
1443854999 31455 29 862 1264 667 1707 99 59 0 29 0 108 0 0 0 0 72 0 0 0
1443892401 31455 39 862 1264 667 1707 99 59 0 29 0 108 0 0 0 0 72 0 0 0
1443892700 31455 39 862 1264 667 1707 99 59 0 29 0 108 0 0 0 0 72 0 0 0
1443892857 31455 39 862 1264 667 1707 99 59 0 29 0 108 0 0 0 0 72 0 0 0
1443894796 31455 63 862 1264 667 1707 99 59 0 29 0 108 0 0 0 0 72 0 0 0
1443898406 31455 63 862 1264 667 1707 99 59 0 29 0 108 0 0 0 0 72 0 0 0
1443898494 31455 63 862 1264 667 1707 99 59 3 29 0 108 0 0 0 0 72 0 0 0
1443898855 31455 63 862 1264 667 1707 99 59 3 29 0 108 0 0 0 0 72 0 0 0
1443899501 31455 63 862 1264 667 1707 99 59 5 29 0 108 0 0 0 0 72 0 0 0
1443899654 31455 63 862 1264 667 1707 99 80 5 29 0 108 0 0 0 0 72 0 0 0
1443920470 31455 259 862 1264 667 1707 99 80 5 29 0 108 0 0 0 0 72 0 0 0
1443931316 31455 259 942 1264 667 1707 99 80 5 29 0 108 0 0 0 0 72 0 0 0
1443932076 31455 259 975 1264 667 1707 99 80 5 29 0 108 0 0 0 0 72 0 0 0
1443936915 31455 259 975 1264 667 1707 99 80 5 29 0 108 0 0 0 0 72 0 0 0
1444204263 31455 259 975 1268 667 1707 99 80 5 29 0 108 0 0 0 0 72 0 0 0
1444266596 31455 259 975 1359 667 1707 99 80 5 29 0 108 0 0 0 0 72 0 0 0
1444270293 31455 259 975 1359 667 1707 99 80 5 29 0 108 0 0 0 0 72 0 0 0
1444343444 31455 259 975 1359 667 1707 99 80 5 29 0 108 0 0 0 0 72 0 0 0
1444344074 31455 259 975 1359 667 1707 99 80 5 29 0 108 0 0 0 0 72 0 0 0
1444344186 31455 259 975 1378 667 1707 99 80 5 29 0 108 0 0 0 0 72 0 0 0
1444409679 31455 259 975 1378 667 1707 99 80 5 29 0 108 0 0 0 0 72 0 0 0
1444411319 31455 259 975 1378 667 1707 99 80 5 29 0 108 0 0 0 0 72 0 0 0
1444411366 31455 259 975 1378 667 1707 99 80 5 29 0 108 0 0 0 0 72 0 0 0
1444411527 31455 259 975 1378 667 1707 99 80 5 29 0 108 0 0 0 0 72 0 1 0
1444412512 31455 259 975 1378 667 1707 99 80 5 29 0 108 0 0 0 0 72 0 2 0
1444412565 31455 259 975 1378 667 1707 99 80 5 29 0 108 20 0 0 0 72 0 2 0
1444412594 31455 259 975 1378 667 1707 99 80 5 29 0 108 20 0 0 34 72 0 2 0
1444412656 31455 259 975 1378 667 1707 99 80 5 29 0 108 20 0 0 36 72 0 2 0
1444412895 31455 259 975 1378 667 1707 99 80 5 29 0 108 20 0 0 36 72 0 2 0
1444413049 31455 259 975 1378 667 1707 99 80 5 29 0 108 20 0 0 36 72 0 2 0
1444413148 31455 259 975 1378 667 1707 99 80 5 29 0 108 21 0 0 36 72 0 2 0
1444419139 31455 259 975 1378 667 1707 99 80 5 29 0 108 21 0 0 36 72 0 2 0
1444419155 31455 259 975 1378 667 1707 99 80 5 29 0 108 21 0 0 36 72 0 2 0
1444419181 31455 259 975 1378 667 1707 99 80 5 29 0 108 21 0 0 36 72 0 2 0
1444419580 31455 259 975 1378 667 1707 99 80 5 29 0 108 21 2 0 36 72 0 2 0
1444419980 31455 259 975 1378 667 1707 99 80 5 29 0 108 21 2 0 36 72 0 2 0
1444520228 31455 259 975 1378 667 1707 99 80 5 29 0 108 21 2 0 36 72 0 2 0
1444595986 31455 259 975 1378 667 1707 99 80 5 29 0 108 21 2 0 36 72 0 2 0
1444762721 31455 259 975 1386 667 1707 99 80 5 29 0 108 21 2 0 36 72 0 2 0
1445192509 31455 259 975 1386 667 1707 99 80 5 29 0 108 21 2 0 36 72 0 2 0
1445194145 31455 259 975 1386 667 1707 99 80 5 29 0 108 21 2 0 36 72 0 2 0
1445198101 31455 259 975 1386 667 1707 99 17733 5 29 0 108 21 2 0 36 72 0 2 0
1445198147 31455 259 975 1386 667 1707 151 17733 5 29 0 108 21 2 0 36 72 0 2 0
1445198644 31455 259 975 1386 667 1707 151 17733 5 29 0 108 21 2 0 36 72 0 2 0
1445198916 31455 259 975 1386 667 1707 151 17733 5 31 0 108 21 2 0 36 72 0 2 0
1445200834 31455 259 975 1386 667 1707 151 17733 5 31 0 108 21 2 0 36 72 0 2 0
1445201328 31455 259 975 1386 667 1707 151 17733 5 31 0 108 21 2 0 36 72 0 2 0
1445201365 31455 259 975 1386 667 1707 158 17733 5 31 0 108 21 2 0 36 72 0 2 0
1445201558 31455 259 975 1386 667 1707 162 17733 5 31 0 108 21 2 0 36 72 0 2 0
1445374259 31455 259 975 1386 667 1707 162 35538 5 31 0 108 21 2 0 36 72 0 2 0
1445374738 31455 259 975 1386 667 1707 162 35538 5 31 0 108 21 2 0 36 72 0 2 0
1445379490 31455 259 975 1386 667 1707 163 35538 5 31 0 108 21 2 0 36 72 0 2 0
1445381326 31455 259 975 1386 667 1707 163 35538 5 31 0 108 21 2 0 36 72 0 2 0
1445381397 31455 259 975 1386 667 1707 163 35538 5 31 0 108 21 2 0 36 72 0 2 0
1445381938 31455 259 975 1386 667 1707 163 35538 5 31 0 108 21 2 0 36 72 0 2 0
1445394069 31455 529 975 1386 667 1707 163 35538 5 31 0 108 21 2 0 36 72 0 2 0
1445394134 31455 529 975 1386 667 1707 163 35538 5 31 0 108 21 2 0 36 72 0 2 0
1445394224 31455 529 975 1402 667 1707 163 35538 5 31 0 108 21 2 0 36 72 0 2 0
1445394558 31455 551 975 1402 667 1707 163 35538 5 31 0 108 21 2 0 36 72 0 2 0
1445394581 31455 551 975 1402 667 1707 163 35538 5 31 0 108 21 2 0 36 72 0 2 0
1445395320 31455 570 975 1402 667 1707 163 35538 5 31 0 108 21 2 0 36 72 0 2 0
1445396897 31455 589 975 1402 667 1707 163 35538 5 31 0 108 21 2 0 36 72 0 2 0
1445400406 31455 666 975 1402 667 1707 163 35538 5 31 0 108 21 2 0 36 72 0 2 0
1445400852 31455 673 975 1402 667 1707 163 35538 5 31 0 108 21 2 0 36 72 0 2 0
1445401183 31455 678 975 1402 667 1707 163 35538 5 31 0 108 21 2 0 36 72 0 2 0
1445401302 31455 678 975 1402 667 1707 163 35538 5 31 0 108 21 2 0 36 72 0 2 0
1445402276 31455 680 975 1402 667 1707 163 35538 5 31 0 108 21 2 0 36 72 0 2 0
1445616186 31455 680 975 1402 667 1707 163 35538 5 31 0 108 22 2 0 36 72 0 2 0
1445616523 31455 680 975 1402 667 1707 163 35538 5 31 0 108 23 2 0 36 72 0 2 0
1445625987 31455 680 975 1402 667 1707 163 35538 5 31 0 108 23 58 0 36 72 0 2 0
1445627402 31455 680 975 1402 667 1707 163 35538 5 31 0 108 23 58 0 36 72 0 2 0
1445835412 31455 680 978 1402 667 1707 163 35538 5 31 0 108 23 58 0 36 72 0 2 0
1445835437 31455 680 978 1402 667 1707 163 35538 5 31 0 108 23 58 0 36 72 0 2 0
1445835612 31455 680 978 1402 667 1707 163 35538 5 31 0 108 23 58 0 36 72 0 2 0
1445836696 31455 680 978 1402 667 1707 163 35538 5 31 0 108 23 58 0 36 72 0 2 0
1445836830 31455 680 978 1402 667 1707 163 35538 5 31 0 108 23 58 0 36 72 0 2 0
1445890869 31455 680 1178 1402 667 1707 163 35538 5 31 0 108 23 58 0 36 72 0 2 0
1445891812 31455 680 1178 1402 667 1707 163 35539 5 31 0 108 23 58 0 36 72 0 2 0
1445892256 31455 680 1201 1402 667 1707 163 35539 5 31 0 108 23 58 0 36 72 0 2 0
1445892356 31455 680 1203 1402 667 1707 163 35539 5 31 0 108 23 58 0 36 72 0 2 0
1445894652 31455 680 1203 1402 667 1707 163 35552 5 31 0 108 23 58 0 36 72 0 2 0
1445895003 31455 680 1227 1402 667 1707 163 35552 5 31 0 108 23 58 0 36 72 0 2 0
1445895773 31455 680 1227 1402 667 1707 163 35552 5 31 0 108 23 58 0 36 72 0 2 0
1445898786 31455 680 1227 1402 667 1707 163 35552 5 31 0 108 23 58 0 36 72 0 2 0
1445901495 31455 682 1227 1402 667 1707 163 35552 5 31 0 108 23 58 0 36 72 0 2 0
1445901973 31455 688 1227 1402 667 1707 163 35552 5 31 0 108 23 58 0 36 72 0 2 0
1445902146 31455 688 1227 1402 667 1707 163 35552 5 31 0 108 23 58 0 36 72 0 2 0
1445908841 31455 688 1227 1402 667 1707 163 35552 5 31 0 108 23 58 0 36 72 0 2 0
1445916294 31455 688 1227 1402 667 1707 163 35552 5 31 0 108 23 58 0 36 72 0 2 0
1445934060 31455 688 1227 1402 667 1707 163 35552 5 31 0 108 23 58 0 36 72 0 2 0
1445935848 31455 688 1227 1402 667 1707 163 35552 5 31 0 108 23 58 0 36 72 0 2 0
1445957303 31455 688 1227 1402 667 1707 209 35552 5 31 0 108 23 58 0 36 72 0 2 0
1445961151 31455 688 1227 1402 667 1707 237 35552 5 31 0 108 23 58 0 36 72 0 2 0
1445961227 31455 688 1227 1402 667 1707 238 35552 5 31 0 108 23 58 0 36 72 0 2 0
1446591216 31455 688 1227 1402 667 1707 238 35599 5 31 0 108 23 58 0 36 72 0 2 0
1446597509 31455 688 1227 1408 667 1707 238 35599 5 31 0 108 23 58 0 36 72 0 2 0
1446598307 31455 688 1227 1408 667 1707 238 35599 5 31 0 108 23 58 0 36 72 0 2 0
1446607299 31455 688 1227 1408 667 1707 313 35599 5 31 0 108 23 58 0 36 72 0 2 0
1446765136 31455 688 1227 1408 667 1707 314 35599 5 31 0 108 23 58 0 36 72 0 2 0
1446765792 31455 688 1227 1408 667 1707 317 35599 5 31 0 108 23 58 0 36 72 0 2 0
1446833563 31455 688 1227 1408 667 1707 317 35599 5 31 0 108 23 58 0 36 72 0 2 0
1446915447 31455 688 1227 1408 667 1707 317 35599 101 31 0 108 23 58 0 36 72 0 2 0
1446916724 31455 688 1227 1408 667 1707 317 35599 103 31 0 108 23 58 0 36 72 0 2 0
1446922470 31457 688 1227 1408 667 1707 317 35599 103 31 0 108 23 58 0 36 72 0 2 0
1446923301 31457 688 1227 1408 667 1707 317 35599 103 31 0 108 23 58 0 36 72 0 2 0
1446924973 31457 688 1227 1408 667 1707 317 35599 103 81 0 108 23 58 0 36 72 0 2 0
1446936351 31461 688 1227 1408 667 1707 317 35599 103 81 0 108 23 58 0 36 72 0 2 0
1447012340 31461 688 1227 1408 667 1707 317 35599 103 81 0 108 23 58 0 36 72 0 2 0
1447181286 31461 688 1253 1408 667 1707 317 35599 103 81 0 108 23 58 0 36 72 0 2 0
1447194810 31461 688 1253 1408 667 1707 317 35599 103 81 0 108 23 58 0 36 72 0 2 0
1447196273 31461 688 1253 1408 667 1707 318 35599 103 81 0 108 23 58 0 36 72 0 2 0
1447203396 31461 688 1267 1408 667 1707 318 35599 103 81 0 108 23 58 0 36 72 0 2 0
1447437071 31461 688 1267 1408 667 1707 318 35599 103 115 0 108 23 58 0 36 72 0 2 0
1447530642 31461 688 1267 1408 667 1707 318 35599 103 115 0 108 23 58 0 36 72 0 2 0
1447530665 31461 688 1267 1408 667 1707 318 35599 103 115 0 108 23 58 0 36 72 0 2 0
1447530828 31461 688 1267 1408 667 1707 318 35599 103 115 0 108 23 58 0 36 72 0 2 0
1447531010 31461 688 1267 1408 667 1707 318 35599 103 115 0 108 23 58 0 36 72 0 2 0
1447599384 31463 688 1267 1414 667 1707 318 35599 188 115 0 108 23 58 0 36 72 0 2 0
1447599708 31463 688 1267 1414 667 1707 318 35599 189 115 0 108 23 58 0 36 72 0 2 0
1447796765 31463 688 1267 1414 667 1707 319 35599 189 115 0 108 23 58 0 36 72 0 2 0
1448097683 31463 688 1267 1414 667 1707 319 35599 189 115 0 108 23 58 0 36 72 0 2 0
1448167235 31525 688 1267 1414 667 1707 319 35599 189 115 0 108 23 58 0 36 72 0 2 0
1448398013 31525 688 1267 1414 667 1707 319 35599 189 115 0 108 23 58 0 36 72 0 2 0
1448398147 31525 688 1267 1414 667 1707 319 35599 189 115 0 108 23 58 0 36 72 0 2 0
1448399017 31525 688 1267 1414 667 1707 319 35599 189 115 0 108 23 58 0 36 72 0 2 0
1448400284 31525 688 1267 1414 667 1707 319 35599 191 115 0 108 23 58 0 36 72 0 2 0
1448400725 31525 688 1267 1414 667 1707 319 35599 191 115 0 108 23 58 0 36 72 0 2 0
1448401587 31525 688 1267 1414 667 1707 319 35599 191 115 0 108 23 58 0 36 72 0 2 0
1448401928 31525 688 1282 1414 667 1707 319 35599 191 115 0 108 23 58 0 36 72 0 2 0
1448402383 31525 688 1282 1414 667 1707 319 35599 191 115 0 108 23 58 0 36 72 0 2 0
1448403052 31525 688 1282 1414 667 1707 319 35609 191 115 0 108 23 58 0 36 72 0 2 0
1448494637 31525 688 1282 1414 667 1707 319 35613 191 115 0 108 23 58 0 36 72 0 2 0
1448595596 31525 688 1282 1414 667 1707 319 35613 191 115 0 108 23 58 0 36 72 0 2 0
1448656230 31525 688 1282 1414 667 1707 319 35613 191 115 0 108 23 58 0 36 72 0 2 0
1448658762 31525 688 1406 1414 667 1707 319 35613 191 115 0 108 23 58 0 36 72 0 2 0
1448659258 31525 688 1406 1414 667 1707 319 35613 191 115 0 108 23 58 0 36 72 0 2 0
1448921102 31525 688 1406 1414 667 1707 319 35613 191 115 0 108 23 58 0 36 72 0 2 0
1448943082 31525 688 1406 1414 667 1707 319 35613 191 137 0 108 23 58 0 36 72 0 2 0
1448986188 31525 688 1406 1414 667 1707 319 35613 191 186 0 108 23 58 0 36 72 0 2 0
1449005117 31525 688 1406 1414 667 1707 319 35613 191 186 0 108 23 58 0 36 72 0 2 0
1449006938 31525 688 1406 1414 667 1707 321 35613 191 186 0 108 23 58 0 36 72 0 2 0
1449007844 31525 688 1406 1414 667 1707 321 35613 191 186 0 108 23 58 0 36 72 0 2 0
1449008065 31525 688 1406 1414 667 1707 321 35643 191 186 0 108 23 58 0 36 72 0 2 0
1449008373 31525 688 1406 1414 667 1707 321 35643 191 186 0 108 23 58 0 36 72 0 2 0
1449008705 31525 688 1406 1414 667 1707 327 35643 191 186 0 108 23 58 0 36 72 0 2 0
1449016760 31525 688 1406 1414 667 1707 327 35643 191 189 0 108 23 58 0 36 72 0 2 0
1449033113 31563 688 1406 1414 667 1707 327 35643 191 189 0 108 23 58 0 36 72 0 2 0
1449040124 31563 688 1406 1414 667 1707 327 35643 191 189 0 108 23 58 0 36 72 0 2 0
1449084418 31563 688 1406 1414 667 1707 327 35643 191 189 0 108 23 58 0 36 72 0 2 0
1449093108 31563 688 1406 1414 667 1707 327 35643 191 192 0 108 23 58 0 36 72 0 2 0
1449177208 31563 688 1406 1414 667 1707 327 35643 191 195 0 108 23 58 0 36 72 0 2 0
1449177738 31563 688 1406 1414 667 1707 327 35643 191 195 0 108 23 58 0 36 72 0 2 0
1449177877 31563 688 1406 1414 667 1707 327 35643 191 195 0 108 23 58 0 36 72 0 2 0
1449182261 31563 688 1432 1414 667 1707 327 35643 191 195 0 108 23 58 0 36 72 0 2 0
1449182658 31563 688 1432 1414 667 1707 327 35643 191 195 0 108 23 58 0 36 72 0 2 0
1449182699 31563 688 1432 1414 667 1707 327 35643 191 195 0 108 23 58 0 36 72 0 2 0
1449186841 31563 688 1432 1414 667 1707 327 35643 191 195 0 108 23 58 0 36 72 0 2 0
1449187720 31563 688 1439 1414 667 1707 327 35643 191 209 0 108 23 58 0 36 72 0 2 0
1449369965 31563 688 1585 1414 667 1707 327 35643 191 209 0 108 23 58 0 36 72 0 2 0
1449372146 31563 688 1620 1414 667 1707 327 35643 191 209 0 108 23 58 0 36 72 0 2 0
1449372417 31563 688 1622 1414 667 1707 327 35643 191 209 0 108 23 58 0 36 72 0 2 0
1449383785 31563 688 1622 1414 667 1707 327 35643 191 209 0 108 23 58 0 36 72 0 2 0
1449424074 31563 688 1622 1414 667 1707 327 35643 191 209 0 108 23 58 0 36 72 0 2 0
1453772370 31563 688 1622 1414 667 1707 327 35643 191 209 0 108 23 58 0 36 72 0 2 0
1454104589 31563 688 1622 1414 667 1707 327 35643 191 209 0 108 23 58 0 36 72 0 2 0
1454295188 31563 688 1622 1414 667 1707 327 35643 191 209 0 108 23 58 0 36 72 0 2 0
1454305585 31563 688 1622 1414 667 1707 327 35643 191 209 0 108 23 58 0 36 72 0 2 0
1454305634 31563 688 1622 1414 667 1707 327 35643 191 209 0 108 23 58 0 36 72 0 2 0
1455320748 31563 688 1622 1414 667 1707 327 35643 191 209 6 108 23 58 0 36 72 0 2 0
1455912261 31572 688 1622 1414 667 1707 327 35643 191 209 6 108 23 58 0 36 72 0 2 0
1455961165 31589 688 1622 1414 667 1707 327 35643 191 209 6 108 23 58 0 36 72 0 2 0
1455963723 31605 688 1622 1414 667 1707 327 35643 191 209 6 108 23 58 0 36 72 0 2 0
1455964457 31650 688 1622 1414 667 1707 327 35643 191 209 6 108 23 58 0 36 72 0 2 0
1456009347 31650 688 1622 1414 667 1707 327 35643 191 209 6 108 23 58 0 36 72 0 2 0
1456010378 31650 688 1622 1414 667 1707 327 35643 191 209 6 108 23 58 0 36 72 0 2 0
1456011168 31651 688 1622 1414 667 1707 327 35643 191 209 6 108 23 58 0 36 72 0 2 40
1456011750 31651 688 1622 1414 667 1707 327 35643 191 209 6 108 23 58 0 36 72 0 2 40
1456013091 31651 688 1622 1414 667 1707 327 35643 191 209 6 108 23 58 0 36 72 0 2 40
1456013628 31651 688 1622 1414 667 1707 327 35643 191 209 6 108 23 58 0 36 72 0 2 40
1456086490 31652 688 1622 1414 667 1707 327 35643 191 209 6 108 23 58 0 36 72 0 2 40
1456341813 31652 688 1622 1414 667 1707 327 35643 191 209 350 108 23 58 0 36 72 0 2 40
1456384634 31652 688 1622 1414 667 1707 327 35643 191 209 350 108 23 58 0 36 72 0 2 40
1456393336 31770 688 1622 1414 667 1707 327 35643 191 209 350 108 23 58 0 36 72 0 2 40
1456425598 31771 688 1622 1414 667 1707 327 35643 191 209 350 108 23 58 0 36 72 0 2 40
1456428551 31771 688 1622 1414 667 1707 327 35643 191 209 537 108 23 58 0 36 72 0 2 40
1456646784 31771 688 1622 1414 667 1707 327 35643 191 209 537 108 23 58 0 36 72 0 2 40
1456705745 31771 688 1622 1414 667 1707 327 35643 191 209 537 108 23 58 0 36 72 0 2 40
1456869070 31771 688 1622 1414 667 1707 327 35643 191 209 541 108 23 58 0 36 72 0 2 40
1456872427 31771 688 1622 1414 667 1707 327 35643 191 209 552 108 23 58 0 36 72 0 2 40
1456872681 31771 688 1622 1414 667 1707 327 35643 191 209 553 108 23 58 0 36 72 0 2 40
1456873796 31771 688 1622 1414 667 1707 327 35643 191 209 553 108 23 58 0 36 72 0 2 40
1456874313 31774 688 1622 1414 667 1707 327 35643 191 209 553 108 23 58 0 36 72 0 2 40
1456874819 31774 688 1622 1414 667 1707 327 35643 191 209 553 108 23 58 0 36 72 0 2 40
1456876904 31825 688 1622 1414 667 1707 327 35643 191 209 553 108 23 58 0 36 72 0 2 40
1456877371 31826 688 1622 1414 667 1707 327 35643 191 209 553 108 23 58 0 36 72 0 2 40
1456878225 32004 688 1622 1414 667 1707 327 35848 191 209 553 108 23 58 0 36 72 0 2 60
1456879351 32004 688 5693 1414 667 1707 327 35848 191 209 553 108 23 58 0 36 72 0 2 60
1456880762 32004 688 5693 1414 667 1707 327 35848 191 209 553 108 23 58 0 36 72 71 2 60
1456881629 32004 688 5735 1414 667 1707 327 35848 191 209 553 108 23 58 0 36 72 71 2 60
1456886971 32004 688 5735 1414 667 1707 327 35848 191 209 553 108 23 58 0 36 72 71 2 60
1457474532 32004 688 5735 1414 667 1707 327 35848 191 209 645 108 23 58 0 36 72 71 2 60
1457477942 32004 688 5837 1414 667 1707 327 35848 191 209 645 108 23 58 0 36 72 71 2 60
1457487977 32004 688 5837 1414 667 1707 327 35848 191 209 645 108 23 58 0 36 72 71 2 60
1457488305 32004 688 5837 1414 667 1707 327 35848 191 209 645 108 23 58 0 36 72 71 2 60
1457489014 32004 688 5837 1414 667 1707 327 35848 191 209 645 108 23 58 0 36 72 71 2 60
1457500633 32183 688 5837 1414 667 1707 327 35848 191 209 645 108 23 58 0 36 72 71 2 60
1457501442 32191 688 5837 1414 667 1707 327 35848 191 209 645 108 23 58 0 36 72 71 2 60
1457682607 32191 688 5837 1414 667 1707 327 35848 191 209 645 108 23 58 0 36 72 71 2 60
